2018-04-11 12:33:26 0 0 0.0 0.0 0.0 
2018-04-11 12:33:36 0.884393063583815 97.9281045751634 0.0 0.0 0.0 
2018-04-11 12:33:46 0.4444444444444444 59.0 0.4 17.3 1.8 
2018-04-11 12:33:56 0.6724137931034483 306.64102564102564 1.0 0.9 0.6 
2018-04-11 12:34:06 1.0 189.625 5.0 5.8 1.8 
2018-04-11 12:34:16 0.5178571428571429 197.82758620689654 5.7 6.4 1.4 
2018-04-11 12:34:26 0.8461538461538461 202.70909090909092 5.1 5.6 1.5 
2018-04-11 12:34:36 0.796875 233.64705882352942 5.8 6.5 1.8 
2018-04-11 12:34:46 1.2 259.5897435897436 5.8 6.4 1.5 
2018-04-11 12:34:56 0.765625 285.6938775510204 5.0 6.5 1.5 
2018-04-11 12:35:06 1.0895522388059702 263.7808219178082 5.5 6.4 1.4 
2018-04-11 12:35:16 1.2923076923076924 203.02380952380952 5.8 6.7 1.5 
2018-04-11 12:35:26 0.7575757575757576 125.36 5.3 6.5 1.5 
2018-04-11 12:35:36 0.8360655737704918 131.4313725490196 5.5 6.6 1.5 
2018-04-11 12:35:46 0.8253968253968254 184.03846153846155 5.3 6.1 1.8 
2018-04-11 12:35:56 0.7627118644067796 154.2 6.1 6.3 1.4 
2018-04-11 12:36:06 0.7966101694915254 277.51063829787233 6.0 5.9 1.5 
2018-04-11 12:36:16 0.7966101694915254 224.51063829787233 5.2 5.9 1.4 
2018-04-11 12:36:26 0.8333333333333334 314.14 5.3 5.9 1.5 
2018-04-11 12:36:36 0.7538461538461538 210.48979591836735 5.6 6.0 1.5 
2018-04-11 12:36:46 0.6065573770491803 245.1891891891892 6.4 6.5 1.5 
2018-04-11 12:36:56 0.84375 283.05555555555554 5.7 6.1 1.4 
2018-04-11 12:37:06 0.7457627118644068 325.5 5.5 6.4 1.5 
2018-04-11 12:37:16 1.09375 216.67142857142858 5.0 5.9 1.4 
2018-04-11 12:37:26 0.8125 229.32692307692307 5.8 6.4 1.5 
2018-04-11 12:37:36 0.6440677966101694 234.10526315789474 4.8 6.4 1.4 
2018-04-11 12:37:46 0.7169811320754716 180.60526315789474 5.5 5.9 1.6 
2018-04-11 12:37:56 1.1029411764705883 285.5466666666667 6.1 5.3 1.4 
2018-04-11 12:38:06 0.8305084745762712 221.81632653061226 5.1 6.8 1.5 
2018-04-11 12:38:16 1.0634920634920635 258.64179104477614 4.9 5.9 1.3 
2018-04-11 12:38:26 1.2982456140350878 296.6756756756757 5.5 6.3 1.5 
2018-04-11 12:38:36 0.7619047619047619 178.89583333333334 4.9 5.7 1.5 
2018-04-11 12:38:46 0.6842105263157895 149.87179487179486 5.8 6.3 1.5 
2018-04-11 12:38:56 0.7 310.6190476190476 5.8 5.7 1.4 
2018-04-11 12:39:06 0.671875 250.95348837209303 5.4 6.0 1.5 
2018-04-11 12:39:16 0.8035714285714286 170.4 5.2 6.4 1.5 
2018-04-11 12:39:26 0.7 171.61904761904762 6.2 5.6 1.4 
2018-04-11 12:39:36 0.6615384615384615 211.58139534883722 5.6 6.0 1.5 
2018-04-11 12:39:46 1.0952380952380953 226.17391304347825 5.3 6.5 1.5 
2018-04-11 12:39:56 0.875 181.53061224489795 5.5 6.3 1.5 
2018-04-11 12:40:06 0.9016393442622951 303.8909090909091 5.1 5.6 1.5 
2018-04-11 12:40:16 1.0769230769230769 239.9142857142857 5.4 6.1 1.4 
2018-04-11 12:40:26 0.6290322580645161 333.71794871794873 5.5 6.5 1.5 
2018-04-11 12:40:36 1.1538461538461537 215.8 5.6 6.2 1.5 
2018-04-11 12:40:46 0.8955223880597015 271.4166666666667 5.4 6.5 1.5 
2018-04-11 12:40:56 0.967741935483871 289.55 5.9 6.7 1.5 
2018-04-11 12:41:06 1.0806451612903225 221.3134328358209 6.3 6.2 1.5 
2018-04-11 12:41:16 1.196969696969697 260.24050632911394 5.2 6.2 1.5 
2018-04-11 12:41:26 1.0 219.07142857142858 6.0 6.6 1.5 
2018-04-11 12:41:36 1.0307692307692307 284.17910447761193 5.5 5.6 1.4 
2018-04-11 12:41:46 1.1818181818181819 250.57692307692307 5.1 6.5 1.5 
2018-04-11 12:41:56 1.11864406779661 267.9848484848485 6.2 6.6 1.4 
2018-04-11 12:42:06 0.84375 198.46296296296296 5.6 5.9 1.7 
2018-04-11 12:42:16 1.0597014925373134 272.36619718309856 5.9 6.4 1.5 
2018-04-11 12:42:26 1.0303030303030303 190.8235294117647 5.8 6.7 1.5 
2018-04-11 12:42:36 1.0727272727272728 153.74576271186442 5.0 6.6 1.5 
2018-04-11 12:42:46 1.0895522388059702 263.013698630137 4.6 5.5 1.4 
2018-04-11 12:42:56 1.125 218.22222222222223 5.5 6.7 1.5 
2018-04-11 12:43:06 1.2280701754385965 207.75714285714287 5.3 6.4 1.5 
2018-04-11 12:43:16 1.087719298245614 183.58064516129033 5.3 5.7 1.5 
2018-04-11 12:43:26 1.0158730158730158 169.375 5.3 5.7 1.4 
2018-04-11 12:43:36 0.8548387096774194 262.9811320754717 5.5 6.3 1.5 
2018-04-11 12:43:46 1.2142857142857142 243.18823529411765 5.1 6.2 1.5 
2018-04-11 12:43:56 0.7833333333333333 266.06382978723406 5.9 7.0 1.5 
2018-04-11 12:44:06 0.9230769230769231 222.41666666666666 5.1 6.0 1.5 
2018-04-11 12:44:16 0.9846153846153847 234.625 6.1 6.5 1.5 
2018-04-11 12:44:26 0.8793103448275862 215.52941176470588 5.3 6.5 1.4 
2018-04-11 12:44:36 0.9264705882352942 236.87301587301587 5.3 5.8 1.4 
2018-04-11 12:44:46 0.5384615384615384 265.2142857142857 5.5 6.8 1.4 
2018-04-11 12:44:56 0.603448275862069 256.0 5.6 5.2 1.3 
2018-04-11 12:45:06 0.7058823529411765 158.5 5.8 5.8 1.4 
2018-04-11 12:45:16 0.8214285714285714 310.0 4.9 5.1 1.3 
2018-04-11 12:45:26 0.6 286.90909090909093 5.0 5.6 1.5 
2018-04-11 12:45:36 1.0833333333333333 285.15384615384613 5.0 5.5 1.5 
2018-04-11 12:45:46 0.6721311475409836 249.4878048780488 5.5 6.0 1.4 
2018-04-11 12:45:57 0.8448275862068966 169.12244897959184 5.6 6.1 1.5 
2018-04-11 12:46:07 0.7619047619047619 217.125 5.1 5.8 1.5 
2018-04-11 12:46:17 0.7166666666666667 321.6046511627907 5.4 6.3 1.5 
2018-04-11 12:46:27 1.2075471698113207 243.875 5.6 6.0 1.5 
2018-04-11 12:46:37 0.5576923076923077 231.51724137931035 4.8 5.3 1.4 
2018-04-11 12:46:47 0.8870967741935484 173.16363636363636 4.8 5.2 1.5 
2018-04-11 12:46:57 1.3 239.07692307692307 5.9 6.2 1.5 
2018-04-11 12:47:07 1.0769230769230769 241.44285714285715 5.4 6.0 1.4 
2018-04-11 12:47:17 0.8305084745762712 295.7959183673469 6.1 6.5 1.4 
2018-04-11 12:47:27 0.8148148148148148 210.0 6.0 5.9 1.5 
2018-04-11 12:47:37 0.8 262.3958333333333 5.0 5.4 1.5 
2018-04-11 12:47:47 0.873015873015873 241.74545454545455 6.0 6.0 1.5 
2018-04-11 12:47:57 0.8333333333333334 279.28 6.0 6.3 1.5 
2018-04-11 12:48:07 1.0793650793650793 282.6029411764706 5.6 6.0 1.4 
2018-04-11 12:48:17 0.8305084745762712 261.2857142857143 5.2 6.3 1.5 
2018-04-11 12:48:27 1.1071428571428572 243.58064516129033 4.8 5.9 1.5 
2018-04-11 12:48:37 0.9661016949152542 287.8421052631579 5.1 5.6 1.5 
2018-04-11 12:48:47 0.8888888888888888 221.51785714285714 5.2 5.9 1.5 
2018-04-11 12:48:57 0.7592592592592593 246.34146341463415 5.5 6.3 1.5 
2018-04-11 12:49:07 0.92 244.34782608695653 5.4 5.4 1.5 
2018-04-11 12:49:17 1.1612903225806452 261.0833333333333 5.3 5.0 1.4 
2018-04-11 12:49:27 0.5849056603773585 233.7741935483871 5.6 6.2 1.4 
2018-04-11 12:49:37 0.9666666666666667 187.43103448275863 4.9 5.3 1.5 
2018-04-11 12:49:47 0.8305084745762712 261.6938775510204 5.2 6.0 1.4 
2018-04-11 12:49:57 0.6607142857142857 211.13513513513513 5.3 5.9 1.5 
2018-04-11 12:50:07 0.5357142857142857 137.23333333333332 5.3 5.6 1.5 
2018-04-11 12:50:17 0.7058823529411765 199.66666666666666 5.4 5.6 1.4 
2018-04-11 12:50:27 0.5964912280701754 256.2647058823529 5.6 5.1 1.5 
2018-04-11 12:50:37 0.75 239.61904761904762 5.3 5.7 1.6 
2018-04-11 12:50:47 0.04084321475625823 149.29032258064515 5.1 5.6 1.5 
2018-04-11 12:50:57 0.01104417670682731 56.18181818181818 75.3 75.9 72.0 
2018-04-11 12:51:07 0.0200445434298441 190.66666666666666 99.2 99.6 94.3 
2018-04-11 12:51:17 0.012121212121212121 58.0 89.8 89.8 85.1 
2018-04-11 12:51:27 0.006986027944111776 130.0 50.3 49.5 47.9 
2018-04-11 12:51:37 0.004481434058898848 49.714285714285715 100.4 100.2 95.2 
2018-04-11 12:51:47 0.01483679525222552 226.8 154.8 156.2 148.7 
2018-04-11 12:51:57 0.013039117352056168 218.3846153846154 101.0 101.1 96.6 
2018-04-11 12:52:07 0.01104417670682731 87.36363636363636 99.5 99.7 95.0 
2018-04-11 12:52:17 0.026026026026026026 316.61538461538464 99.1 99.6 95.0 
2018-04-11 12:52:27 0.01524390243902439 229.4 99.6 99.9 94.9 
2018-04-11 12:52:37 0.024679170779861797 255.96 98.4 98.4 93.4 
2018-04-11 12:52:47 0.022606382978723406 282.52941176470586 100.6 101.3 95.7 
2018-04-11 12:52:57 0.008641975308641974 60.0 75.3 75.2 72.4 
2018-04-11 12:53:07 0.013167520117044623 175.77777777777777 80.8 81.0 79.2 
2018-04-11 12:53:17 0.010362694300518135 193.9 136.4 136.7 131.6 
2018-04-11 12:53:28 0.008982035928143712 363.3333333333333 96.7 96.5 92.4 
2018-04-11 12:53:38 0.012121212121212121 267.8333333333333 99.9 100.2 95.7 
2018-04-11 12:53:48 0.009045226130653266 191.33333333333334 99.9 99.0 94.4 
2018-04-11 12:53:58 0.02330293819655522 252.1304347826087 100.3 99.5 95.0 
2018-04-11 12:54:08 0.004206098843322818 57.0 98.5 98.7 92.7 
2018-04-11 12:54:18 0.00691699604743083 191.71428571428572 95.1 95.1 91.1 
2018-04-11 12:54:28 0.004119464469618949 46.5 100.1 101.2 96.4 
2018-04-11 12:54:38 0.0010660980810234541 54.0 97.5 97.1 93.8 
2018-04-11 12:54:48 0.005005005005005005 133.2 93.9 93.8 90.0 
2018-04-11 12:54:58 0.003964321110009911 42.0 100.0 99.9 95.7 
2018-04-11 12:55:08 0.001321003963011889 60.0 101.4 100.9 97.3 
2018-04-11 12:55:18 0.006675567423230975 45.6 76.6 75.7 73.1 
2018-04-11 12:55:28 0.005154639175257732 60.0 75.0 74.9 72.9 
2018-04-11 12:55:38 0.0016474464579901153 60.0 58.8 58.2 56.7 
2018-04-11 12:55:48 0 0 61.3 60.7 58.5 
2018-04-11 12:55:58 0.008547008547008548 238.5 0.0 0.0 0.0 
2018-04-11 12:56:09 0.008287292817679558 250.0 93.8 93.6 89.4 
2018-04-11 12:56:19 0 0 73.0 72.4 69.1 
2018-04-11 12:56:29 0.0029498525073746312 88.5 0.0 0.0 0.0 
2018-04-11 12:56:39 0.0 0 136.6 135.6 131.4 
2018-04-11 12:56:49 0.0009671179883945841 60.0 127.1 127.2 121.2 
2018-04-11 12:56:59 0.0 0 105.0 103.4 101.4 
2018-04-11 12:57:09 0.0 0 99.9 99.0 96.5 
2018-04-11 12:57:19 0.0 0 108.3 107.6 105.4 
2018-04-11 12:57:29 0.0016090104585679806 60.0 102.8 101.9 99.9 
2018-04-11 12:57:39 0.0 0 125.3 124.3 122.8 
2018-04-11 12:57:49 0.003526093088857546 259.6 126.3 125.6 123.5 
2018-04-11 12:57:59 0.0011876484560570072 60.0 142.9 141.8 138.6 
2018-04-11 12:58:09 0 0 85.4 84.2 82.4 
2018-04-11 12:58:19 0.008865248226950355 169.2 0.0 0.0 0.0 
2018-04-11 12:58:30 0.0 0 113.4 112.8 109.5 
2018-04-11 12:58:40 0.0030234315948601664 60.0 58.2 57.2 54.2 
2018-04-11 12:58:50 0.0035335689045936395 60.0 132.7 132.3 127.8 
2018-04-11 12:59:00 0.0019286403085824494 60.0 114.2 113.2 110.6 
2018-04-11 12:59:10 0.0015094339622641509 60.0 103.8 103.7 100.0 
2018-04-11 12:59:20 0.003207184092366902 42.0 133.5 132.5 128.2 
2018-04-11 12:59:30 0.0007246376811594203 60.0 156.3 155.9 151.7 
2018-04-11 12:59:40 0.0025884383088869713 548.0 138.4 138.0 134.1 
2018-04-11 12:59:50 0.008105369807497468 49.5 115.5 115.9 110.3 
2018-04-11 13:00:00 0.007106598984771574 54.0 98.5 98.7 94.1 
2018-04-11 13:00:10 0.013333333333333334 342.61538461538464 99.0 98.5 94.0 
2018-04-11 13:00:20 0.005964214711729622 303.5 96.6 97.5 92.3 
2018-04-11 13:00:30 0.013471502590673576 198.23076923076923 99.6 100.6 95.1 
2018-04-11 13:00:40 0.006024096385542169 333.0 96.2 96.5 91.4 
2018-04-11 13:00:50 0.011055276381909548 216.1818181818182 99.6 99.6 94.9 
2018-04-11 13:01:00 0.005165289256198347 57.6 98.9 99.5 94.8 
2018-04-11 13:01:10 0.011363636363636364 357.3636363636364 97.1 96.8 92.1 
2018-04-11 13:01:20 0.006930693069306931 60.0 97.2 96.8 92.7 
2018-04-11 13:01:30 0.004136504653567736 55.5 101.4 101.0 96.8 
2018-04-11 13:01:40 0.01964839710444674 140.31578947368422 96.7 96.7 91.7 
2018-04-11 13:01:50 0.013902681231380337 211.14285714285714 96.8 96.7 92.9 
2018-04-11 13:02:00 0.016260162601626018 49.5 100.5 100.7 95.7 
2018-04-11 13:02:10 0.017329255861365953 446.0 98.2 98.4 93.9 
2018-04-11 13:02:20 0.01044932079414838 124.7 97.6 98.1 93.2 
2018-04-11 13:02:30 0.001932367149758454 57.0 95.6 95.7 91.6 
2018-04-11 13:02:40 0.008238928939237899 244.875 103.2 103.5 98.4 
2018-04-11 13:02:51 0.007547169811320755 55.0 97.1 97.1 92.7 
2018-04-11 13:03:01 0.003827751196172249 60.0 79.8 79.5 75.9 
2018-04-11 13:03:11 0.005509641873278237 125.0 104.1 104.5 99.9 
2018-04-11 13:03:21 0.017382413087934562 57.529411764705884 108.1 108.9 103.3 
2018-04-11 13:03:31 0.010934393638170975 213.72727272727272 97.4 97.8 93.8 
2018-04-11 13:03:41 0.012114537444933921 268.3636363636364 100.4 100.6 96.8 
2018-04-11 13:03:51 0.013631937682570594 238.5 91.3 90.8 87.2 
2018-04-11 13:04:01 0.017364657814096015 205.1764705882353 103.6 102.7 98.7 
2018-04-11 13:04:11 0.016194331983805668 129.5625 97.8 97.9 93.4 
2018-04-11 13:04:21 0.00911854103343465 150.33333333333334 98.5 98.8 94.6 
2018-04-11 13:04:31 0.01314459049544995 192.0 98.5 98.7 94.2 
2018-04-11 13:04:41 0.018664047151277015 351.3157894736842 98.4 98.9 94.4 
2018-04-11 13:04:51 0.02047082906857728 385.3 100.8 101.8 95.3 
2018-04-11 13:05:01 0.015300546448087432 304.5 97.2 97.7 92.4 
2018-04-11 13:05:11 0.008522727272727272 54.666666666666664 91.2 91.5 87.7 
2018-04-11 13:05:21 0.013875123885034688 275.85714285714283 105.6 105.6 101.5 
2018-04-11 13:05:31 0.005107252298263534 68.8 100.1 100.9 95.9 
2018-04-11 13:05:41 0.01407035175879397 124.42857142857143 97.6 97.9 93.6 
2018-04-11 13:05:51 0.020060180541624874 309.2 98.7 99.5 94.4 
2018-04-11 13:06:01 0.013118062563067608 295.9230769230769 98.9 99.7 94.0 
2018-04-11 13:06:11 0.010040160642570281 235.8 98.6 99.1 93.7 
2018-04-11 13:06:22 0.017137096774193547 144.0 98.6 99.6 94.1 
2018-04-11 13:06:32 0.010282776349614395 223.875 98.6 99.2 94.8 
2018-04-11 13:06:42 0.006606110652353427 113.0 77.2 77.8 74.4 
2018-04-11 13:06:52 0.010727056019070322 195.55555555555554 121.0 121.1 114.7 
2018-04-11 13:07:02 0.0196078431372549 139.16666666666666 83.4 83.9 79.8 
2018-04-11 13:07:12 0.008075370121130552 60.0 61.2 61.2 58.6 
2018-04-11 13:07:22 0.5666666666666667 203.6764705882353 73.6 74.3 69.5 
2018-04-11 13:07:32 0.40350877192982454 252.7391304347826 5.5 6.0 1.5 
2018-04-11 13:07:42 0.7333333333333333 208.52272727272728 5.4 5.7 1.8 
2018-04-11 13:07:52 0.7666666666666667 288.7826086956522 5.1 6.0 1.5 
2018-04-11 13:08:02 0.8245614035087719 210.61702127659575 5.9 6.0 1.5 
2018-04-11 13:08:12 0.6101694915254238 286.6111111111111 5.2 5.7 1.3 
2018-04-11 13:08:22 0.8035714285714286 270.9555555555556 5.4 5.9 1.5 
2018-04-11 13:08:32 1.1016949152542372 209.66153846153847 5.8 5.6 1.5 
2018-04-11 13:08:42 0.603448275862069 167.88571428571427 4.9 5.9 1.5 
2018-04-11 13:08:52 0.8333333333333334 240.9 5.0 5.8 1.4 
2018-04-11 13:09:02 0.9402985074626866 217.25396825396825 5.6 6.0 1.5 
2018-04-11 13:09:12 0.7794117647058824 337.22641509433964 5.5 6.7 1.5 
2018-04-11 13:09:22 0.5961538461538461 214.19354838709677 6.1 6.8 1.5 
2018-04-11 13:09:32 0.6101694915254238 260.75 5.7 5.2 1.4 
2018-04-11 13:09:42 0.38181818181818183 174.61904761904762 5.6 5.9 1.4 
2018-04-11 13:09:52 0.6491228070175439 190.64864864864865 5.2 5.5 1.5 
2018-04-11 13:10:02 0.49122807017543857 208.85714285714286 5.7 5.7 1.4 
2018-04-11 13:10:12 0.9333333333333333 233.03571428571428 5.5 5.7 1.3 
2018-04-11 13:10:22 1.0508474576271187 278.0967741935484 5.7 6.0 1.4 
2018-04-11 13:10:32 0.7868852459016393 269.8541666666667 4.9 5.9 1.5 
2018-04-11 13:10:42 0.48148148148148145 156.53846153846155 5.1 6.1 1.5 
2018-04-11 13:10:52 0.6721311475409836 149.0731707317073 5.3 5.4 1.4 
2018-04-11 13:11:02 0.6984126984126984 292.5681818181818 5.4 6.1 1.4 
2018-04-11 13:11:12 0.8153846153846154 232.8490566037736 5.1 6.3 1.4 
2018-04-11 13:11:22 0.8301886792452831 272.45454545454544 5.9 6.5 1.4 
2018-04-11 13:11:32 0.6206896551724138 202.75 5.0 5.3 1.5 
2018-04-11 13:11:42 0.5185185185185185 258.5 5.4 5.8 1.4 
2018-04-11 13:11:52 0.75 274.7857142857143 5.5 5.4 1.5 
2018-04-11 13:12:02 0.6792452830188679 197.02777777777777 5.4 5.6 1.5 
2018-04-11 13:12:12 0.9629629629629629 214.65384615384616 5.2 5.3 1.5 
2018-04-11 13:12:22 0.7543859649122807 190.69767441860466 4.9 5.4 1.5 
2018-04-11 13:12:32 0.9821428571428571 285.3636363636364 5.6 5.7 1.5 
2018-04-11 13:12:42 0.8518518518518519 279.1304347826087 5.1 5.6 1.5 
2018-04-11 13:12:52 0.864406779661017 186.07843137254903 4.8 5.4 1.4 
2018-04-11 13:13:02 0.6037735849056604 299.34375 4.9 5.9 1.5 
2018-04-11 13:13:12 0.7547169811320755 237.6 5.6 5.3 1.5 
2018-04-11 13:13:22 0.9354838709677419 228.70689655172413 5.0 5.3 1.5 
2018-04-11 13:13:32 0.8 264.79545454545456 6.0 6.2 1.4 
2018-04-11 13:13:42 0.6842105263157895 258.4871794871795 5.7 5.5 1.5 
2018-04-11 13:13:53 1.0175438596491229 212.63793103448276 5.4 5.7 1.5 
2018-04-11 13:14:03 0.36 309.05555555555554 5.7 5.7 1.5 
2018-04-11 13:14:13 0.7777777777777778 280.1020408163265 5.5 5.0 1.5 
2018-04-11 13:14:23 0.9122807017543859 238.1346153846154 5.7 6.3 1.5 
2018-04-11 13:14:33 0.6842105263157895 219.69230769230768 5.5 5.7 1.5 
2018-04-11 13:14:43 0.7241379310344828 238.76190476190476 5.7 5.7 1.5 
2018-04-11 13:14:53 1.1551724137931034 217.044776119403 5.1 5.8 1.5 
2018-04-11 13:15:03 0.8360655737704918 245.7058823529412 5.3 5.8 1.4 
2018-04-11 13:15:13 0.7547169811320755 292.95 5.6 6.1 1.5 
2018-04-11 13:15:23 1.0545454545454545 321.05172413793105 4.7 5.3 1.4 
2018-04-11 13:15:33 1.0 340.28333333333336 5.3 5.5 1.4 
2018-04-11 13:15:43 0.8225806451612904 316.05882352941177 4.8 6.0 1.5 
2018-04-11 13:15:53 0.7142857142857143 178.95 6.0 6.2 1.5 
2018-04-11 13:16:03 0.7142857142857143 229.95 5.4 5.6 1.4 
2018-04-11 13:16:13 0.6964285714285714 180.48717948717947 5.0 5.6 1.5 
2018-04-11 13:16:23 0.8225806451612904 298.3921568627451 5.6 5.6 1.4 
2018-04-11 13:16:33 0.6909090909090909 219.52631578947367 4.8 6.2 1.5 
2018-04-11 13:16:43 0.38181818181818183 235.47619047619048 5.0 5.5 1.4 
2018-04-11 13:16:53 0.890625 285.82456140350877 4.8 5.5 1.5 
2018-04-11 13:17:03 1.0 270.66101694915255 5.7 6.4 1.5 
2018-04-11 13:17:13 1.1929824561403508 310.4117647058824 5.5 5.9 1.5 
2018-04-11 13:17:23 0.9642857142857143 339.6296296296296 5.1 5.7 1.5 
2018-04-11 13:17:33 0.9107142857142857 171.5686274509804 6.2 5.6 1.5 
2018-04-11 13:17:43 0.6491228070175439 150.94594594594594 5.1 5.6 1.4 
2018-04-11 13:17:53 1.2769230769230768 251.9156626506024 5.4 5.7 1.5 
2018-04-11 13:18:03 1.0625 249.61764705882354 5.8 6.5 1.5 
2018-04-11 13:18:13 0.66 267.27272727272725 4.9 6.4 1.5 
2018-04-11 13:18:23 0.9833333333333333 235.5084745762712 4.9 5.0 1.4 
2018-04-11 13:18:33 1.0196078431372548 257.3076923076923 5.8 6.0 1.4 
2018-04-11 13:18:43 0.6140350877192983 308.9142857142857 4.5 5.1 1.5 
2018-04-11 13:18:53 0.8771929824561403 230.6 5.3 5.7 1.5 
2018-04-11 13:19:03 97.28333333333333 1500.6318314202501 5.3 5.7 1.4 
2018-04-11 13:19:13 77.0 1508.3365231259968 5.7 6.0 1.5 
2018-04-11 13:19:23 71.59016393442623 1501.9704602702084 6.8 5.7 1.5 
2018-04-11 13:19:33 77.75438596491227 1498.2084837545126 5.2 6.1 1.5 
2018-04-11 13:19:43 68.73015873015873 1497.2288683602771 6.1 5.7 1.5 
2018-04-11 13:19:53 73.85245901639344 1498.9267480577137 5.8 6.3 1.5 
2018-04-11 13:20:03 37.07142857142857 1504.8477842003854 5.6 6.1 1.5 
2018-04-11 13:20:13 81.72727272727273 1502.5953281423804 5.5 5.6 1.5 
2018-04-11 13:20:23 74.98333333333333 1497.559902200489 5.4 5.5 1.5 
2018-04-11 13:20:33 38.59322033898305 1488.6710584101888 5.4 6.0 1.5 
2018-04-11 13:20:43 98.01666666666667 1504.8049651419826 5.2 5.9 1.5 
2018-04-11 13:20:53 80.08620689655173 1495.384068891281 6.1 6.0 1.4 
2018-04-11 13:21:03 80.67857142857143 1495.5677290836654 5.4 5.8 1.4 
2018-04-11 13:21:13 79.33928571428571 1506.1262660364619 5.3 5.6 1.5 
2018-04-11 13:21:23 86.09803921568627 1503.5135504440902 5.6 5.6 1.5 
2018-04-11 13:21:33 73.04918032786885 1498.7852333931778 5.1 5.1 1.2 
2018-04-11 13:21:43 94.9076923076923 1497.5253687793809 5.7 6.1 1.4 
2018-04-11 13:21:53 89.24242424242425 1501.1621392190152 5.7 6.5 1.5 
2018-04-11 13:22:03 127.85714285714286 1506.2396648044694 6.1 6.6 1.5 
2018-04-11 13:22:13 73.26229508196721 1495.5918550011188 5.7 5.6 1.4 
2018-04-11 13:22:23 73.81967213114754 1500.2116366866533 5.4 6.1 1.4 
2018-04-11 13:22:33 0.6779661016949152 232.55 5.3 6.1 1.4 
2018-04-11 13:22:43 84.23076923076923 1504.2949771689498 5.4 5.9 1.5 
2018-04-11 13:22:53 73.91379310344827 1501.7044553300677 5.3 5.2 1.3 
2018-04-11 13:23:03 12.339285714285714 1391.5846599131694 5.2 5.8 1.5 
2018-04-11 13:23:13 76.59322033898304 1493.7078999778712 5.9 5.6 1.5 
2018-04-11 13:23:23 63.60606060606061 1491.7174845164363 5.7 5.9 1.4 
2018-04-11 13:23:33 130.27118644067798 1504.8161592505855 5.5 6.6 1.5 
2018-04-11 13:23:43 94.11475409836065 1505.8681414387738 5.8 5.9 1.5 
2018-04-11 13:23:53 98.2542372881356 1500.8745903053302 5.8 6.1 1.4 
2018-04-11 13:24:03 108.1311475409836 1508.5416919345057 5.1 5.9 1.4 
2018-04-11 13:24:13 74.96666666666667 1500.2805691418407 5.6 6.1 1.4 
2018-04-11 13:24:23 72.2741935483871 1498.2918991296585 4.9 6.0 1.5 
