2018-04-09 18:07:54 0.8461538461538461 331.7818181818182 0.0 0.0 0.0
2018-04-09 18:08:04 0.8703703703703703 316.1489361702128 5.4 6.5 1.5
2018-04-09 18:08:14 1.1904761904761905 197.17333333333335 5.1 5.4 1.4
2018-04-09 18:08:24 0.8148148148148148 228.9090909090909 5.8 6.3 1.5
2018-04-09 18:08:34 0.7166666666666667 229.93023255813952 5.3 5.4 1.5
2018-04-09 18:08:44 0.819672131147541 219.24 5.4 6.0 1.5
2018-04-09 18:08:54 0.9259259259259259 193.24 5.2 6.1 1.5
2018-04-09 18:09:04 0.7704918032786885 262.78723404255317 4.9 5.4 1.5
2018-04-09 18:09:14 0.9 285.51851851851853 5.4 6.1 1.5
2018-04-09 18:09:24 0.6666666666666666 302.7894736842105 5.0 6.0 1.5
2018-04-09 18:09:34 0.8103448275862069 255.2127659574468 5.4 5.7 1.5
2018-04-09 18:09:44 0.5272727272727272 185.51724137931035 5.4 5.8 1.5
2018-04-09 18:09:54 0.6666666666666666 198.1578947368421 5.2 5.5 1.4
2018-04-09 18:10:04 0.6779661016949152 348.4 5.7 5.7 1.4
2018-04-09 18:10:14 0.4666666666666667 228.32142857142858 5.3 5.9 1.5
2018-04-09 18:10:24 0.847457627118644 274.24 4.8 6.0 1.5
2018-04-09 18:10:34 0.96875 230.11290322580646 5.2 5.9 1.5
2018-04-09 18:10:44 0.8620689655172413 345.24 5.7 6.4 1.4
2018-04-09 18:10:54 0.8076923076923077 266.42857142857144 5.3 5.8 1.5
2018-04-09 18:11:04 0.7536231884057971 206.26923076923077 4.9 5.2 1.4
2018-04-09 18:11:14 1.1379310344827587 318.8636363636364 6.1 6.9 1.5
2018-04-09 18:11:24 0.7636363636363637 286.35714285714283 4.9 5.8 1.5
2018-04-09 18:11:34 0.9666666666666667 279.87931034482756 5.3 5.5 1.4
2018-04-09 18:11:44 0.8852459016393442 283.962962962963 5.2 6.0 1.5
2018-04-09 18:11:54 1.0793650793650793 235.30882352941177 5.8 6.1 1.5
2018-04-09 18:12:04 0.7777777777777778 180.6530612244898 5.6 6.3 1.5
2018-04-09 18:12:14 0.9245283018867925 159.24489795918367 5.8 6.3 1.5
2018-04-09 18:12:24 1.2950819672131149 211.36708860759492 4.8 5.3 1.3
2018-04-09 18:12:34 0.7692307692307693 254.52 5.3 6.1 1.5
2018-04-09 18:12:44 0.9552238805970149 215.765625 5.9 6.5 1.5
2018-04-09 18:12:54 0.6333333333333333 277.92105263157896 5.8 6.7 1.4
2018-04-09 18:13:04 0.8524590163934426 216.21153846153845 5.5 6.0 1.5
2018-04-09 18:13:14 1.0909090909090908 293.9 5.4 6.1 1.5
2018-04-09 18:13:24 1.0943396226415094 233.91379310344828 4.9 5.5 1.5
2018-04-09 18:13:34 0.847457627118644 259.66 5.6 5.3 1.5
2018-04-09 18:13:44 0.6984126984126984 167.95454545454547 5.7 5.9 1.4
2018-04-09 18:13:54 1.1267605633802817 224.175 6.2 6.3 1.5
2018-04-09 18:14:04 1.0769230769230769 170.25 5.6 7.1 1.5
2018-04-09 18:14:14 1.180327868852459 253.55555555555554 5.3 5.2 1.5
2018-04-09 18:14:24 1.1428571428571428 234.984375 5.6 6.1 1.5
2018-04-09 18:14:34 0.673469387755102 212.57575757575756 4.5 5.6 1.5
2018-04-09 18:14:44 0.9538461538461539 229.03225806451613 4.6 4.9 1.4
2018-04-09 18:14:54 0.9298245614035088 274.0943396226415 5.5 6.5 1.5
2018-04-09 18:15:04 0.9365079365079365 287.3728813559322 5.8 5.7 1.5
2018-04-09 18:15:14 0.8125 204.64102564102564 5.3 6.3 1.4
2018-04-09 18:15:24 0.9 293.85185185185185 5.1 4.8 1.4
2018-04-09 18:15:34 1.0169491525423728 211.41666666666666 5.0 6.0 1.5
2018-04-09 18:15:44 1.1774193548387097 203.8082191780822 5.5 5.9 1.5
2018-04-09 18:15:54 0.9836065573770492 223.38333333333333 5.1 6.2 1.5
2018-04-09 18:16:04 0.6610169491525424 155.53846153846155 4.7 6.1 1.5
2018-04-09 18:16:14 0.6346153846153846 261.8181818181818 5.7 5.9 1.5
2018-04-09 18:16:24 0.6481481481481481 251.77142857142857 5.2 5.2 1.4
2018-04-09 18:16:34 0.8333333333333334 351.9555555555556 5.5 5.4 1.5
2018-04-09 18:16:44 0.8070175438596491 257.4347826086956 5.5 5.4 1.5
2018-04-09 18:16:54 0.603448275862069 288.9714285714286 4.8 5.7 1.4
2018-04-09 18:17:04 0.7321428571428571 191.6341463414634 4.9 5.8 1.5
2018-04-09 18:17:14 1.0196078431372548 263.96153846153845 5.6 5.6 1.5
2018-04-09 18:17:24 0.6666666666666666 244.475 4.5 5.1 1.4
2018-04-09 18:17:34 0.9090909090909091 306.68 6.5 6.0 1.5
2018-04-09 18:17:44 0.7818181818181819 253.4418604651163 5.3 5.5 1.5
2018-04-09 18:17:54 0.7258064516129032 332.06666666666666 5.2 5.5 1.5
2018-04-09 18:18:05 0.6507936507936508 183.34146341463415 5.7 6.2 1.5
2018-04-09 18:18:15 0.9215686274509803 276.06382978723406 5.6 6.3 1.5
2018-04-09 18:18:25 0.9661016949152542 298.9824561403509 4.6 5.1 1.5
2018-04-09 18:18:35 1.0338983050847457 297.04918032786884 5.1 5.9 1.5
2018-04-09 18:18:45 0.6666666666666666 284.29411764705884 4.6 5.9 1.5
2018-04-09 18:18:55 0.8214285714285714 223.84782608695653 5.1 5.1 1.5
2018-04-09 18:19:05 0.58 105.20689655172414 5.2 5.6 1.5
2018-04-09 18:19:15 0.864406779661017 170.0 5.6 5.0 1.3
2018-04-09 18:19:25 0.8103448275862069 230.7872340425532 5.8 5.9 1.5
2018-04-09 18:19:35 1.0178571428571428 267.43859649122805 5.7 5.8 1.4
2018-04-09 18:19:45 1.2586206896551724 168.68493150684932 5.1 5.6 1.5
2018-04-09 18:19:55 0.896551724137931 288.36538461538464 5.6 5.8 1.4
2018-04-09 18:20:05 0.5185185185185185 171.07142857142858 5.7 5.8 1.5
2018-04-09 18:20:15 0.7540983606557377 270.67391304347825 5.6 5.4 1.4
2018-04-09 18:20:25 0.6610169491525424 159.48717948717947 6.0 6.1 1.5
2018-04-09 18:20:35 0.7540983606557377 317.4782608695652 5.4 5.9 1.4
2018-04-09 18:20:45 0.9152542372881356 181.4814814814815 5.7 6.1 1.5
2018-04-09 18:20:55 0.8507462686567164 308.36842105263156 5.7 5.9 1.5
2018-04-09 18:21:05 0.8 204.84615384615384 5.7 6.7 1.5
2018-04-09 18:21:15 0.8461538461538461 215.70454545454547 5.0 6.5 1.4
2018-04-09 18:21:25 1.0 260.1803278688525 5.2 5.2 1.5
2018-04-09 18:21:35 0.8 250.825 5.9 6.1 1.5
2018-04-09 18:21:45 0.7619047619047619 207.0 5.6 5.0 1.4
2018-04-09 18:21:55 1.0819672131147542 269.0151515151515 5.1 6.3 1.5
2018-04-09 18:22:05 0.9824561403508771 162.82142857142858 5.0 6.1 1.7
2018-04-09 18:22:15 0.98 129.9591836734694 5.1 5.7 1.5
2018-04-09 18:22:25 1.2881355932203389 260.7368421052632 5.2 5.0 1.5
2018-04-09 18:22:35 0.9622641509433962 262.45098039215685 5.2 5.9 1.4
2018-04-09 18:22:45 0.78 199.17948717948718 4.8 5.3 1.5
2018-04-09 18:22:55 0.39622641509433965 91.95238095238095 5.1 5.0 1.4
2018-04-09 18:23:05 0.6333333333333333 272.7105263157895 5.2 5.3 1.4
2018-04-09 18:23:15 0.6811594202898551 215.68085106382978 5.7 6.0 1.5
2018-04-09 18:23:25 0.703125 183.15555555555557 6.1 6.9 1.5
2018-04-09 18:23:35 1.1568627450980393 293.1525423728813 6.8 6.4 1.5
2018-04-09 18:23:45 0.5272727272727272 161.13793103448276 4.6 5.1 1.5
2018-04-09 18:23:55 0.5306122448979592 226.23076923076923 5.8 5.5 1.5
2018-04-09 18:24:05 0.6964285714285714 251.89743589743588 4.6 4.9 1.5
2018-04-09 18:24:15 0.7368421052631579 156.47619047619048 5.9 5.6 1.5
2018-04-09 18:24:25 0.8135593220338984 209.20833333333334 6.0 5.7 1.5
2018-04-09 18:24:35 0.5636363636363636 236.7741935483871 6.0 5.9 1.5
2018-04-09 18:24:45 0.9298245614035088 198.22641509433961 5.6 5.5 1.4
2018-04-09 18:24:55 0.8688524590163934 264.79245283018867 5.6 5.7 1.4
2018-04-09 18:25:05 1.1333333333333333 149.76470588235293 5.6 6.1 1.5
2018-04-09 18:25:15 0.8125 227.73076923076923 5.2 6.0 1.4
2018-04-09 18:25:25 0.8955223880597015 196.6 6.0 6.4 1.5
2018-04-09 18:25:35 1.018181818181818 198.30357142857142 5.7 6.7 1.5
2018-04-09 18:25:45 1.0925925925925926 331.6949152542373 5.0 5.5 1.5
2018-04-09 18:25:55 1.11864406779661 227.22727272727272 5.2 5.4 1.5
2018-04-09 18:26:05 0.8307692307692308 209.1851851851852 5.2 5.9 1.5
2018-04-09 18:26:15 1.0298507462686568 295.8985507246377 5.4 6.5 1.4
2018-04-09 18:26:25 1.0327868852459017 303.9047619047619 5.8 6.7 1.5
2018-04-09 18:26:35 1.0 258.78333333333336 5.4 6.1 1.4
2018-04-09 18:26:45 1.4193548387096775 226.27272727272728 6.0 6.0 1.5
2018-04-09 18:26:55 0.7192982456140351 245.5121951219512 5.9 6.2 1.5
2018-04-09 18:27:05 0.8548387096774194 200.77358490566039 5.8 5.7 1.5
2018-04-09 18:27:15 0.8970588235294118 238.98360655737704 5.3 6.2 1.4
2018-04-09 18:27:25 0.7868852459016393 211.16666666666666 5.3 6.8 1.5
2018-04-09 18:27:35 0.8571428571428571 308.05555555555554 5.7 6.1 1.4
2018-04-09 18:27:45 1.1666666666666667 226.5857142857143 5.3 6.3 1.4
2018-04-09 18:27:55 0.864406779661017 322.72549019607845 5.8 6.0 1.5
2018-04-09 18:28:05 1.2131147540983607 217.90540540540542 5.5 5.9 1.5
2018-04-09 18:28:15 0.8484848484848485 286.4642857142857 5.0 6.1 1.5
2018-04-09 18:28:25 1.21875 208.0897435897436 5.7 6.6 1.5
2018-04-09 18:28:35 0.734375 233.12765957446808 5.7 6.4 1.5
2018-04-09 18:28:45 1.0161290322580645 215.14285714285714 6.1 6.4 1.5
2018-04-09 18:28:55 0.9827586206896551 229.0 4.8 6.2 1.5
2018-04-09 18:29:05 1.4210526315789473 136.80246913580248 4.9 5.8 1.5
2018-04-09 18:29:15 0.9661016949152542 212.12280701754386 5.5 5.7 1.4
2018-04-09 18:29:25 0.7272727272727273 199.275 5.3 5.9 1.5
2018-04-09 18:29:35 0.9333333333333333 202.21428571428572 5.5 5.5 1.5
2018-04-09 18:29:45 0.5846153846153846 225.07894736842104 5.3 6.0 1.4
2018-04-09 18:29:55 0.75 156.2888888888889 5.7 6.5 1.4
2018-04-09 18:30:05 0.8688524590163934 200.43396226415095 5.7 6.0 1.4
2018-04-09 18:30:15 0.6981132075471698 286.8918918918919 5.1 6.1 1.5
2018-04-09 18:30:25 0.7258064516129032 281.44444444444446 4.8 5.3 1.5
2018-04-09 18:30:35 1.1935483870967742 189.1891891891892 5.3 6.2 1.5
2018-04-09 18:30:45 0.953125 293.24590163934425 4.8 6.2 1.5
2018-04-09 18:30:55 1.1538461538461537 216.25333333333333 5.8 6.4 1.5
2018-04-09 18:31:05 0.8709677419354839 148.88888888888889 5.8 6.5 1.4
2018-04-09 18:31:15 0.6271186440677966 253.21621621621622 5.3 6.2 1.4
2018-04-09 18:31:25 0.9384615384615385 223.85245901639345 4.8 5.9 1.4
2018-04-09 18:31:35 0.75 286.3095238095238 5.2 6.5 1.4
2018-04-09 18:31:45 0.5873015873015873 234.32432432432432 5.4 5.6 1.5
2018-04-09 18:31:55 0.6607142857142857 153.24324324324326 5.6 6.3 1.5
2018-04-09 18:32:05 0.6949152542372882 251.41463414634146 5.1 5.6 1.5
2018-04-09 18:32:15 0.603448275862069 143.97142857142856 5.3 5.9 1.5
2018-04-09 18:32:25 0.6774193548387096 234.16666666666666 5.2 5.8 1.4
2018-04-09 18:32:35 1.1194029850746268 267.70666666666665 5.4 6.2 1.5
2018-04-09 18:32:45 0.7966101694915254 248.38297872340425 5.1 6.7 1.4
2018-04-09 18:32:55 1.15 220.28985507246378 5.6 5.9 1.5
2018-04-09 18:33:05 1.0344827586206897 207.31666666666666 5.5 6.0 1.4
2018-04-09 18:33:15 1.106060606060606 294.7945205479452 5.4 5.8 1.5
2018-04-09 18:33:25 1.0 267.85915492957747 5.7 6.6 1.5
2018-04-09 18:33:35 0.8305084745762712 231.28571428571428 5.6 7.1 1.5
2018-04-09 18:33:45 1.0161290322580645 192.06349206349208 5.1 5.9 1.5
2018-04-09 18:33:55 1.408450704225352 280.41 5.3 6.2 1.5
2018-04-09 18:34:05 0.8363636363636363 170.17391304347825 5.8 7.1 1.4
2018-04-09 18:34:15 0.484375 301.2258064516129 5.3 5.5 1.4
2018-04-09 18:34:25 0.7333333333333333 184.70454545454547 5.6 6.4 1.3
2018-04-09 18:34:35 0.8360655737704918 184.11764705882354 5.9 6.0 1.5
2018-04-09 18:34:45 0.9508196721311475 265.91379310344826 5.4 6.1 1.5
2018-04-09 18:34:55 0.5873015873015873 264.8378378378378 4.8 6.1 1.5
2018-04-09 18:35:05 0.8301886792452831 234.3181818181818 5.4 6.3 1.5
2018-04-09 18:35:15 0.9047619047619048 182.12280701754386 5.3 5.3 1.4
2018-04-09 18:35:25 0.8615384615384616 283.32142857142856 5.6 6.3 1.4
2018-04-09 18:35:35 0.7647058823529411 239.82692307692307 5.0 6.5 1.5
2018-04-09 18:35:45 0.6610169491525424 224.30769230769232 6.0 6.8 1.5
2018-04-09 18:35:55 0.8360655737704918 195.49019607843138 5.9 5.9 1.4
2018-04-09 18:36:05 1.1290322580645162 262.37142857142857 5.7 6.1 1.5
2018-04-09 18:36:15 0.8840579710144928 324.42622950819674 4.9 6.2 1.5
2018-04-09 18:36:25 1.1475409836065573 209.61428571428573 5.3 6.9 1.5
2018-04-09 18:36:35 1.015625 297.4923076923077 5.5 6.1 1.5
2018-04-09 18:36:45 0.9846153846153847 247.75 5.6 6.4 1.5
2018-04-09 18:36:55 1.0862068965517242 253.76190476190476 6.3 6.5 1.5
2018-04-09 18:37:05 0.9830508474576272 246.89655172413794 5.6 5.8 1.5
2018-04-09 18:37:15 0.7164179104477612 179.5625 5.8 5.9 1.5
2018-04-09 18:37:25 0.8928571428571429 193.42 5.5 6.7 1.5
2018-04-09 18:37:35 0.7636363636363637 237.8095238095238 4.7 5.6 1.5
2018-04-09 18:37:45 0.75 234.47916666666666 5.3 5.5 1.4
2018-04-09 18:37:55 0.9344262295081968 230.6140350877193 6.1 6.4 1.5
2018-04-09 18:38:05 0.7076923076923077 198.19565217391303 5.2 6.1 1.5
2018-04-09 18:38:15 0.6716417910447762 214.3111111111111 5.9 6.5 1.5
2018-04-09 18:38:25 0.7666666666666667 136.08695652173913 5.3 6.7 1.5
2018-04-09 18:38:35 0.6935483870967742 253.3953488372093 5.8 6.0 1.5
2018-04-09 18:38:45 1.1578947368421053 183.37878787878788 5.7 6.2 1.4
2018-04-09 18:38:55 1.0746268656716418 266.9166666666667 5.6 5.7 1.3
2018-04-09 18:39:05 0.9090909090909091 219.18333333333334 5.7 6.7 1.5
2018-04-09 18:39:15 0.9508196721311475 174.55172413793105 5.4 6.6 1.5
2018-04-09 18:39:25 0.45901639344262296 182.21428571428572 5.4 6.1 1.4
2018-04-09 18:39:35 1.1830985915492958 184.10714285714286 5.7 6.1 1.5
2018-04-09 18:39:45 0.8947368421052632 195.49019607843138 5.5 7.1 1.4
2018-04-09 18:39:55 0.8305084745762712 250.9795918367347 5.0 5.7 1.5
2018-04-09 18:40:05 1.640625 198.37142857142857 6.0 5.9 1.4
2018-04-09 18:40:15 0.8727272727272727 284.8125 5.4 6.4 1.5
2018-04-09 18:40:25 1.0566037735849056 242.67857142857142 6.2 5.5 1.4
2018-04-09 18:40:35 0.6323529411764706 279.69767441860466 5.8 5.3 1.5
2018-04-09 18:40:45 1.1612903225806452 258.80555555555554 5.8 6.8 1.5
2018-04-09 18:40:55 0.8548387096774194 204.67924528301887 5.0 6.2 1.5
2018-04-09 18:41:05 0.7192982456140351 225.70731707317074 5.3 6.2 1.5
2018-04-09 18:41:15 1.2459016393442623 273.2763157894737 5.2 5.7 1.4
2018-04-09 18:41:25 0.8125 224.34615384615384 5.1 6.1 1.5
2018-04-09 18:41:35 1.125 239.75 5.5 6.4 1.5
2018-04-09 18:41:45 1.2253521126760563 203.183908045977 4.9 6.4 1.5
2018-04-09 18:41:55 1.1833333333333333 277.0422535211268 5.4 7.1 1.5
2018-04-09 18:42:05 1.1864406779661016 304.84285714285716 6.5 6.0 1.5
2018-04-09 18:42:15 0.7692307692307693 161.825 5.4 5.9 1.4
2018-04-09 18:42:25 0.8870967741935484 193.3272727272727 5.4 5.2 1.5
2018-04-09 18:42:35 0.9166666666666666 211.94545454545454 5.5 6.2 1.5
2018-04-09 18:42:45 1.323076923076923 228.04651162790697 5.5 6.0 1.5
2018-04-09 18:42:55 1.2419354838709677 181.14285714285714 5.4 6.5 1.4
2018-04-09 18:43:05 1.0483870967741935 228.90769230769232 5.9 6.2 1.5
2018-04-09 18:43:15 0.7368421052631579 203.95238095238096 5.2 6.2 1.5
2018-04-09 18:43:25 0.9833333333333333 252.1864406779661 5.3 5.7 1.5
2018-04-09 18:43:35 0.9310344827586207 184.11111111111111 5.2 6.0 1.4
2018-04-09 18:43:45 0.8181818181818182 315.22222222222223 4.8 5.8 1.5
2018-04-09 18:43:55 0.9705882352941176 306.56060606060606 6.0 6.6 1.5
2018-04-09 18:44:05 1.1379310344827587 270.030303030303 5.7 6.8 1.5
2018-04-09 18:44:15 1.0161290322580645 233.4126984126984 5.4 5.8 1.5
2018-04-09 18:44:25 0.984375 264.6190476190476 5.7 6.2 1.5
2018-04-09 18:44:35 1.2241379310344827 200.8450704225352 5.3 6.4 1.5
2018-04-09 18:44:45 1.0350877192982457 283.10169491525426 5.0 5.8 1.5
2018-04-09 18:44:55 1.2686567164179106 219.34117647058824 5.1 5.7 1.4
2018-04-09 18:45:05 1.0806451612903225 226.01492537313433 5.5 6.7 1.5
2018-04-09 18:45:15 0.7333333333333333 278.95454545454544 5.2 6.2 1.5
2018-04-09 18:45:25 0.9577464788732394 277.0735294117647 5.4 6.0 1.5
2018-04-09 18:45:35 0.7586206896551724 244.5909090909091 5.6 7.1 1.5
2018-04-09 18:45:45 0.5535714285714286 220.0 5.3 5.8 1.5
2018-04-09 18:45:55 0.9107142857142857 215.58823529411765 5.7 5.6 1.5
2018-04-09 18:46:05 1.1129032258064515 249.08695652173913 5.3 5.6 1.5
2018-04-09 18:46:15 1.2131147540983607 236.8783783783784 5.3 6.2 1.5
2018-04-09 18:46:25 0.967741935483871 249.55 5.8 6.1 1.5
2018-04-09 18:46:35 1.106060606060606 233.36986301369862 5.1 6.2 1.4
2018-04-09 18:46:45 1.11864406779661 271.1515151515151 5.9 6.6 1.5
2018-04-09 18:46:55 1.1194029850746268 239.69333333333333 5.9 5.9 1.4
2018-04-09 18:47:05 1.09375 164.94285714285715 5.8 6.7 1.5
2018-04-09 18:47:15 0.7096774193548387 189.3409090909091 5.9 6.4 1.5
2018-04-09 18:47:25 0.55 276.6969696969697 5.4 6.2 1.4
2018-04-09 18:47:35 0.7049180327868853 354.2325581395349 5.0 6.0 1.5
2018-04-09 18:47:45 0.9838709677419355 227.18032786885246 5.6 6.1 1.5
2018-04-09 18:47:55 0.8064516129032258 176.8 6.0 6.2 1.5
2018-04-09 18:48:05 1.1016949152542372 225.8 5.5 6.2 1.5
2018-04-09 18:48:15 0.734375 222.68085106382978 5.6 5.9 1.5
2018-04-09 18:48:25 0.8032786885245902 236.73469387755102 5.1 6.4 1.5
2018-04-09 18:48:35 1.0 215.3846153846154 5.9 6.1 1.5
2018-04-09 18:48:45 0.5238095238095238 229.24242424242425 5.2 6.5 1.4
2018-04-09 18:48:55 0.6885245901639344 221.0 5.5 6.3 1.4
2018-04-09 18:49:05 0.9672131147540983 277.6949152542373 5.5 6.1 1.5
2018-04-09 18:49:15 1.2727272727272727 201.84285714285716 5.7 6.1 1.5
2018-04-09 18:49:25 1.1384615384615384 164.40540540540542 5.1 5.5 1.3
2018-04-09 18:49:35 1.359375 230.09195402298852 5.8 6.5 1.5
2018-04-09 18:49:45 0.8548387096774194 152.83018867924528 5.3 6.4 1.5
2018-04-09 18:49:55 0.803030303030303 209.47169811320754 5.1 6.2 1.5
2018-04-09 18:50:05 1.1311475409836065 251.55072463768116 5.5 6.6 1.4
2018-04-09 18:50:15 1.05 268.5079365079365 5.6 6.1 1.5
2018-04-09 18:50:25 0.6981132075471698 348.97297297297297 5.6 6.0 1.5
2018-04-09 18:50:35 0.7307692307692307 95.05263157894737 4.7 5.3 1.5
2018-04-09 18:50:45 0.9701492537313433 211.3846153846154 4.9 5.2 1.4
2018-04-09 18:50:55 0.8360655737704918 185.4313725490196 5.7 6.7 1.4
2018-04-09 18:51:05 0.7424242424242424 208.10204081632654 5.1 6.1 1.5
2018-04-09 18:51:15 1.0333333333333334 241.69354838709677 6.5 6.6 1.4
2018-04-09 18:51:25 0.9016393442622951 263.1272727272727 5.4 6.0 1.5
2018-04-09 18:51:35 0.890625 267.140350877193 5.8 6.1 1.5
2018-04-09 18:51:45 1.05 281.58730158730157 6.5 6.4 1.5
2018-04-09 18:51:55 0.9538461538461539 277.11290322580646 5.5 6.0 1.4
2018-04-09 18:52:05 0.45454545454545453 162.3 5.6 6.5 1.5
2018-04-09 18:52:15 0.9047619047619048 227.26315789473685 6.0 6.6 1.5
2018-04-09 18:52:25 1.0161290322580645 219.53968253968253 5.1 6.3 1.5
2018-04-09 18:52:35 1.0333333333333334 256.258064516129 5.7 6.2 1.5
2018-04-09 18:52:45 0.8833333333333333 195.67924528301887 5.2 6.0 1.5
2018-04-09 18:52:55 0.9 204.79365079365078 5.8 6.0 1.5
2018-04-09 18:53:05 0.6271186440677966 131.97297297297297 5.9 7.0 1.5
2018-04-09 18:53:15 0.6964285714285714 198.43589743589743 5.1 5.9 1.5
2018-04-09 18:53:25 0.7540983606557377 192.3913043478261 5.4 5.6 1.5
2018-04-09 18:53:35 0.8571428571428571 168.88888888888889 5.6 6.1 1.5
2018-04-09 18:53:45 0.9152542372881356 302.27777777777777 5.7 6.3 1.5
2018-04-09 18:53:55 0.875 168.25 5.6 5.9 1.5
2018-04-09 18:54:05 0.7931034482758621 232.97826086956522 5.4 6.4 1.5
2018-04-09 18:54:15 1.0338983050847457 236.52459016393442 5.9 5.8 1.5
2018-04-09 18:54:25 0.9726027397260274 173.28169014084506 5.0 5.9 1.5
2018-04-09 18:54:35 0.9420289855072463 245.07692307692307 5.2 7.3 1.5
2018-04-09 18:54:45 1.1666666666666667 249.14285714285714 5.4 6.9 1.5
2018-04-09 18:54:55 1.0535714285714286 205.38983050847457 5.7 6.0 1.3
2018-04-09 18:55:05 0.8709677419354839 167.11111111111111 5.2 5.6 1.5
2018-04-09 18:55:15 0.7096774193548387 160.70454545454547 5.4 6.2 1.5
2018-04-09 18:55:25 0.9830508474576272 190.98275862068965 6.1 6.2 1.5
2018-04-09 18:55:35 0.8208955223880597 203.83636363636364 5.1 5.9 1.5
2018-04-09 18:55:45 0.9655172413793104 228.60714285714286 5.1 6.7 1.5
2018-04-09 18:55:55 0.4909090909090909 146.2962962962963 5.5 5.8 1.5
2018-04-09 18:56:05 0.8939393939393939 140.4915254237288 5.1 5.5 1.5
2018-04-09 18:56:15 0.5079365079365079 205.75 6.7 6.6 1.8
2018-04-09 18:56:25 0.9482758620689655 258.2909090909091 5.6 6.3 1.4
2018-04-09 18:56:35 1.0172413793103448 270.50847457627117 4.6 5.8 1.5
2018-04-09 18:56:45 0.7818181818181819 223.5581395348837 4.4 5.8 1.5
2018-04-09 18:56:55 0.8970588235294118 196.36065573770492 6.2 5.5 1.4
2018-04-09 18:57:05 1.03125 262.75757575757575 5.1 6.8 1.5
2018-04-09 18:57:15 1.11864406779661 195.9090909090909 5.6 6.4 1.5
2018-04-09 18:57:25 0.5555555555555556 211.31428571428572 5.7 5.9 1.5
2018-04-09 18:57:35 1.078125 212.69565217391303 6.4 6.3 1.5
2018-04-09 18:57:45 0.7142857142857143 194.65 6.0 6.4 1.5
2018-04-09 18:57:55 0.46774193548387094 233.24137931034483 5.4 5.6 1.5
2018-04-09 18:58:05 0.05054151624548736 161.78571428571428 4.9 6.2 1.5
2018-04-09 18:58:15 0.011190233977619531 238.27272727272728 83.4 83.1 79.0
2018-04-09 18:58:25 0.005958291956305859 270.8333333333333 97.8 98.3 93.4
2018-04-09 18:58:35 0.01691542288557214 214.05882352941177 100.5 100.7 96.4
2018-04-09 18:58:45 0.025025025025025027 238.6 100.3 100.5 95.4
2018-04-09 18:58:55 0.045409674234945706 287.69565217391306 99.2 99.9 95.0
2018-04-09 18:59:05 0.02 187.75 100.4 101.3 95.5
2018-04-09 18:59:15 0.014227642276422764 229.64285714285714 99.9 100.0 95.0
2018-04-09 18:59:25 0.022908366533864542 166.7391304347826 97.9 98.4 93.5
2018-04-09 18:59:35 0.03169734151329243 327.5483870967742 100.2 100.4 95.3
2018-04-09 18:59:45 0.016145307769929364 140.375 97.7 97.8 93.0
2018-04-09 18:59:55 0.019 279.8421052631579 98.2 99.1 93.4
2018-04-09 19:00:05 0.011144883485309016 122.0 99.2 100.0 94.4
2018-04-09 19:00:15 0.009930486593843098 105.7 98.3 98.7 93.8
2018-04-09 19:00:25 0.023046092184368736 433.5217391304348 100.5 100.7 94.9
2018-04-09 19:00:35 0.009045226130653266 121.77777777777777 99.1 99.8 94.7
2018-04-09 19:00:45 0.03121852970795569 98.87096774193549 99.5 99.5 94.5
2018-04-09 19:00:55 0.01407035175879397 167.21428571428572 98.4 99.3 94.7
2018-04-09 19:01:05 0.006134969325153374 175.5 99.6 99.5 94.8
2018-04-09 19:01:15 0.020080321285140562 194.5 97.9 97.8 93.7
2018-04-09 19:01:25 0.002952755905511811 378.3333333333333 99.4 99.6 94.4
2018-04-09 19:01:35 0.01195219123505976 149.66666666666666 100.6 101.6 96.5
2018-04-09 19:01:45 0.02528735632183908 252.0 100.3 100.4 95.6
2018-04-09 19:01:55 1.04 224.67307692307693 86.1 87.0 81.5
2018-04-09 19:02:05 1.3870967741935485 307.0581395348837 4.6 5.0 1.4
2018-04-09 19:02:15 1.1129032258064515 252.18840579710144 5.8 6.2 1.5
2018-04-09 19:02:25 0.9857142857142858 244.8840579710145 5.5 6.2 1.5
2018-04-09 19:02:35 1.4705882352941178 260.73 6.3 7.0 1.5
2018-04-09 19:02:45 0.9682539682539683 278.73770491803276 5.8 6.8 1.5
2018-04-09 19:02:55 1.098360655737705 228.8955223880597 5.6 6.3 1.5
2018-04-09 19:03:05 0.8983050847457628 289.49056603773585 5.3 6.1 1.5