2019-01-20 10:50:19 0 0 0.0 0.0 0.0 
2019-01-20 10:51:13 0 0 0.0 0.0 0.0 
2019-01-20 10:51:23 2.0 196.0 0.0 0.0 0.0 
2019-01-20 10:51:33 1.65 171.0 0.6 0.5 0.5 
2019-01-20 10:51:43 4.88888888889 506.666666667 2.2 2.0 0.5 
2019-01-20 10:51:53 12.0 1176.0 0.2 0.9 0.6 
2019-01-20 10:52:03 22.0 2156.0 0.0 0.2 0.2 
2019-01-20 10:52:13 31.0 3038.0 0.0 0.2 0.2 
2019-01-20 10:52:23 36.5 3577.0 0.0 0.2 0.2 
2019-01-20 10:52:33 0 0 0.0 0.2 0.2 
2019-01-20 10:52:52 0 0 0.0 0.0 0.0 
2019-01-20 10:53:02 3.0 294.0 0.0 0.0 0.0 
2019-01-20 10:53:12 2.8 274.4 0.0 0.4 0.3 
2019-01-20 10:53:22 6.0 588.0 0.4 0.5 0.5 
2019-01-20 10:53:32 15.0 1470.0 0.0 0.2 0.2 
2019-01-20 10:53:42 0 0 0.0 0.2 0.2 
2019-01-20 10:53:52 0 0 0.0 0.0 0.0 
2019-01-20 11:25:48 0 0 0.0 0.0 0.0 
2019-01-20 11:25:58 0 0 0.0 0.0 0.0 
2019-01-20 11:26:08 0 0 0.0 0.0 0.0 
2019-01-20 11:26:18 2.8 429.2 0.0 0.0 0.0 
2019-01-20 11:26:28 4.4 619.4 0.4 0.5 0.5 
2019-01-20 11:26:38 13.0 1616.0 0.2 0.5 0.4 
2019-01-20 11:26:48 8.0 784.0 0.2 0.3 0.3 
2019-01-20 11:26:58 30.0 2940.0 0.4 0.5 0.5 
2019-01-20 11:27:08 37.0 3626.0 0.0 0.2 0.2 
2019-01-20 11:27:18 49.0 4802.0 0.0 0.2 0.2 
2019-01-20 11:27:28 0 0 0.0 0.1 0.1 
2019-01-20 11:27:38 0 0 0.0 0.0 0.0 
2019-01-20 11:27:48 0 0 0.0 0.0 0.0 
2019-01-20 11:27:58 0 0 0.0 0.0 0.0 
2019-01-20 11:28:08 0 0 0.0 0.0 0.0 
2019-01-20 11:28:18 0 0 0.0 0.0 0.0 
2019-01-20 11:28:28 0 0 0.0 0.0 0.0 
2019-01-20 11:28:38 0 0 0.0 0.0 0.0 
2019-01-20 11:28:48 0 0 0.0 0.0 0.0 
2019-01-20 11:28:58 0 0 0.0 0.0 0.0 
2019-01-20 11:29:08 0 0 0.0 0.0 0.0 
2019-01-20 11:29:18 0 0 0.0 0.0 0.0 
2019-01-20 11:29:28 0 0 0.0 0.0 0.0 
2019-01-20 11:29:38 0 0 0.0 0.0 0.0 
2019-01-20 11:29:48 0 0 0.0 0.0 0.0 
2019-01-20 11:29:58 0 0 0.0 0.0 0.0 
2019-01-20 11:30:08 0 0 0.0 0.0 0.0 
2019-01-20 11:30:18 0 0 0.0 0.0 0.0 
2019-01-20 11:30:28 0 0 0.0 0.0 0.0 
2019-01-20 11:30:38 0 0 0.0 0.0 0.0 
2019-01-20 11:30:48 0 0 0.0 0.0 0.0 
2019-01-20 11:30:58 0 0 0.0 0.0 0.0 
2019-01-20 11:31:08 0 0 0.0 0.0 0.0 
2019-01-20 11:31:18 0 0 0.0 0.0 0.0 
2019-01-20 11:31:28 0 0 0.0 0.0 0.0 
2019-01-20 11:31:38 0 0 0.0 0.0 0.0 
2019-01-20 11:31:48 0 0 0.0 0.0 0.0 
2019-01-20 11:31:58 0 0 0.0 0.0 0.0 
2019-01-20 11:32:08 0 0 0.0 0.0 0.0 
2019-01-20 11:32:18 0 0 0.0 0.0 0.0 
2019-01-20 11:32:28 0 0 0.0 0.0 0.0 
2019-01-20 11:32:38 0 0 0.0 0.0 0.0 
2019-01-20 11:32:48 0 0 0.0 0.0 0.0 
2019-01-20 11:32:58 0 0 0.0 0.0 0.0 
2019-01-20 11:33:08 0 0 0.0 0.0 0.0 
2019-01-20 11:33:18 0 0 0.0 0.0 0.0 
2019-01-20 11:33:28 0 0 0.0 0.0 0.0 
2019-01-20 11:33:38 0 0 0.0 0.0 0.0 
2019-01-20 11:33:48 0 0 0.0 0.0 0.0 
2019-01-20 11:33:58 0 0 0.0 0.0 0.0 
2019-01-20 11:34:08 0 0 0.0 0.0 0.0 
2019-01-20 11:34:18 0 0 0.0 0.0 0.0 
2019-01-20 11:34:28 0 0 0.0 0.0 0.0 
2019-01-20 11:34:38 0 0 0.0 0.0 0.0 
2019-01-20 11:34:48 0 0 0.0 0.0 0.0 
2019-01-20 11:34:58 0 0 0.0 0.0 0.0 
2019-01-20 11:35:08 0 0 0.0 0.0 0.0 
2019-01-20 11:35:18 0 0 0.0 0.0 0.0 
2019-01-20 11:35:28 0 0 0.0 0.0 0.0 
2019-01-20 11:35:38 0 0 0.0 0.0 0.0 
2019-01-20 11:35:48 0 0 0.0 0.0 0.0 
2019-01-20 11:35:58 0 0 0.0 0.0 0.0 
2019-01-20 11:36:08 0 0 0.0 0.0 0.0 
2019-01-20 11:36:18 0 0 0.0 0.0 0.0 
2019-01-20 11:36:28 0 0 0.0 0.0 0.0 
2019-01-20 11:36:38 0 0 0.0 0.0 0.0 
2019-01-20 11:36:48 0 0 0.0 0.0 0.0 
2019-01-20 11:36:58 0 0 0.0 0.0 0.0 
2019-01-20 11:37:08 0 0 0.0 0.0 0.0 
2019-01-20 11:37:18 0 0 0.0 0.0 0.0 
2019-01-20 11:37:28 0 0 0.0 0.0 0.0 
2019-01-20 11:37:38 0 0 0.0 0.0 0.0 
2019-01-20 11:37:48 0 0 0.0 0.0 0.0 
2019-01-20 11:37:58 0 0 0.0 0.0 0.0 
2019-01-20 11:38:08 0 0 0.0 0.0 0.0 
2019-01-20 11:38:18 0 0 0.0 0.0 0.0 
2019-01-20 11:38:28 0 0 0.0 0.0 0.0 
2019-01-20 11:38:38 0 0 0.0 0.0 0.0 
2019-01-20 11:38:48 0 0 0.0 0.0 0.0 
2019-01-20 11:38:58 0 0 0.0 0.0 0.0 
2019-01-20 11:39:08 0 0 0.0 0.0 0.0 
2019-01-20 11:39:18 0 0 0.0 0.0 0.0 
2019-01-20 11:39:28 0 0 0.0 0.0 0.0 
2019-01-20 11:39:38 0 0 0.0 0.0 0.0 
2019-01-20 11:39:48 0 0 0.0 0.0 0.0 
2019-01-20 11:39:58 0 0 0.0 0.0 0.0 
2019-01-20 11:40:08 0 0 0.0 0.0 0.0 
2019-01-20 11:40:18 0 0 0.0 0.0 0.0 
2019-01-20 11:40:28 0 0 0.0 0.0 0.0 
2019-01-20 11:40:38 0 0 0.0 0.0 0.0 
2019-01-20 11:40:48 0 0 0.0 0.0 0.0 
2019-01-20 11:40:58 0 0 0.0 0.0 0.0 
2019-01-20 11:41:08 0 0 0.0 0.0 0.0 
2019-01-20 11:41:18 0 0 0.0 0.0 0.0 
2019-01-20 11:41:28 0 0 0.0 0.0 0.0 
2019-01-20 11:41:38 0 0 0.0 0.0 0.0 
2019-01-20 11:41:48 0 0 0.0 0.0 0.0 
2019-01-20 11:41:58 0 0 0.0 0.0 0.0 
2019-01-20 11:42:08 0 0 0.0 0.0 0.0 
2019-01-20 11:42:18 0 0 0.0 0.0 0.0 
2019-01-20 11:42:28 0 0 0.0 0.0 0.0 
2019-01-20 11:42:38 0 0 0.0 0.0 0.0 
2019-01-20 11:42:48 0 0 0.0 0.0 0.0 
2019-01-20 11:42:58 0 0 0.0 0.0 0.0 
2019-01-20 11:43:08 0 0 0.0 0.0 0.0 
2019-01-20 11:43:18 0 0 0.0 0.0 0.0 
2019-01-20 11:43:28 0 0 0.0 0.0 0.0 
2019-01-20 11:43:38 0 0 0.0 0.0 0.0 
2019-01-20 11:43:48 0 0 0.0 0.0 0.0 
2019-01-20 11:43:58 0 0 0.0 0.0 0.0 
2019-01-20 11:44:08 0 0 0.0 0.0 0.0 
2019-01-20 11:44:18 0 0 0.0 0.0 0.0 
2019-01-20 11:44:28 0 0 0.0 0.0 0.0 
2019-01-20 11:44:38 0 0 0.0 0.0 0.0 
2019-01-20 11:44:48 0 0 0.0 0.0 0.0 
2019-01-20 11:44:58 0 0 0.0 0.0 0.0 
2019-01-20 11:45:08 0 0 0.0 0.0 0.0 
2019-01-20 11:45:18 0 0 0.0 0.0 0.0 
2019-01-20 11:45:28 0 0 0.0 0.0 0.0 
2019-01-20 11:45:38 0 0 0.0 0.0 0.0 
2019-01-20 11:45:48 0 0 0.0 0.0 0.0 
2019-01-20 11:45:58 0 0 0.0 0.0 0.0 
2019-01-20 11:46:08 0 0 0.0 0.0 0.0 
2019-01-20 11:46:18 0 0 0.0 0.0 0.0 
2019-01-20 11:46:28 0 0 0.0 0.0 0.0 
2019-01-20 11:46:38 0 0 0.0 0.0 0.0 
2019-01-20 11:46:48 0 0 0.0 0.0 0.0 
2019-01-20 11:46:58 0 0 0.0 0.0 0.0 
2019-01-20 11:47:08 0 0 0.0 0.0 0.0 
2019-01-20 11:47:18 0 0 0.0 0.0 0.0 
2019-01-20 11:47:28 0 0 0.0 0.0 0.0 
2019-01-20 11:47:38 0 0 0.0 0.0 0.0 
2019-01-20 11:47:48 0 0 0.0 0.0 0.0 
2019-01-20 11:47:58 0 0 0.0 0.0 0.0 
2019-01-20 11:48:08 0 0 0.0 0.0 0.0 
2019-01-20 11:48:18 0 0 0.0 0.0 0.0 
2019-01-20 11:48:28 0 0 0.0 0.0 0.0 
2019-01-20 11:48:38 0 0 0.0 0.0 0.0 
2019-01-20 11:48:48 0 0 0.0 0.0 0.0 
2019-01-20 11:48:58 0 0 0.0 0.0 0.0 
2019-01-20 11:49:08 0 0 0.0 0.0 0.0 
2019-01-20 11:49:18 0 0 0.0 0.0 0.0 
2019-01-20 11:49:28 0 0 0.0 0.0 0.0 
2019-01-20 11:49:38 0 0 0.0 0.0 0.0 
2019-01-20 11:49:48 0 0 0.0 0.0 0.0 
2019-01-20 11:49:58 0 0 0.0 0.0 0.0 
2019-01-20 11:50:08 0 0 0.0 0.0 0.0 
2019-01-20 11:50:18 0 0 0.0 0.0 0.0 
2019-01-20 11:50:28 0 0 0.0 0.0 0.0 
2019-01-20 11:50:38 0 0 0.0 0.0 0.0 
2019-01-20 11:50:48 0 0 0.0 0.0 0.0 
2019-01-20 11:50:58 0 0 0.0 0.0 0.0 
2019-01-20 11:51:08 0 0 0.0 0.0 0.0 
2019-01-20 11:51:18 0 0 0.0 0.0 0.0 
2019-01-20 11:51:28 0 0 0.0 0.0 0.0 
2019-01-20 11:51:38 0 0 0.0 0.0 0.0 
2019-01-20 11:51:48 0 0 0.0 0.0 0.0 
2019-01-20 11:51:58 0 0 0.0 0.0 0.0 
2019-01-20 11:52:08 0 0 0.0 0.0 0.0 
2019-01-20 11:52:18 0 0 0.0 0.0 0.0 
2019-01-20 11:52:28 0 0 0.0 0.0 0.0 
2019-01-20 11:52:38 0 0 0.0 0.0 0.0 
2019-01-20 11:52:48 0 0 0.0 0.0 0.0 
2019-01-20 11:52:58 0 0 0.0 0.0 0.0 
2019-01-20 11:53:08 0 0 0.0 0.0 0.0 
2019-01-20 11:53:18 0 0 0.0 0.0 0.0 
2019-01-20 11:53:28 0 0 0.0 0.0 0.0 
2019-01-20 11:53:38 0 0 0.0 0.0 0.0 
2019-01-20 11:53:48 0 0 0.0 0.0 0.0 
2019-01-20 11:53:58 0 0 0.0 0.0 0.0 
2019-01-20 11:54:08 0 0 0.0 0.0 0.0 
2019-01-20 11:54:18 0 0 0.0 0.0 0.0 
2019-01-20 11:54:28 0 0 0.0 0.0 0.0 
2019-01-20 11:54:38 0 0 0.0 0.0 0.0 
2019-01-20 11:54:48 0 0 0.0 0.0 0.0 
2019-01-20 11:54:58 0 0 0.0 0.0 0.0 
2019-01-20 11:55:08 0 0 0.0 0.0 0.0 
2019-01-20 11:55:18 0 0 0.0 0.0 0.0 
2019-01-20 11:55:28 0 0 0.0 0.0 0.0 
2019-01-20 11:55:38 0 0 0.0 0.0 0.0 
2019-01-20 11:55:48 0 0 0.0 0.0 0.0 
2019-01-20 11:55:58 0 0 0.0 0.0 0.0 
2019-01-20 11:56:08 0 0 0.0 0.0 0.0 
2019-01-20 11:56:18 0 0 0.0 0.0 0.0 
2019-01-20 11:56:28 0 0 0.0 0.0 0.0 
2019-01-20 11:56:38 0 0 0.0 0.0 0.0 
2019-01-20 11:56:48 0 0 0.0 0.0 0.0 
2019-01-20 11:56:58 0 0 0.0 0.0 0.0 
2019-01-20 11:57:08 0 0 0.0 0.0 0.0 
2019-01-20 11:57:18 0 0 0.0 0.0 0.0 
2019-01-20 11:57:28 0 0 0.0 0.0 0.0 
2019-01-20 11:57:38 0 0 0.0 0.0 0.0 
2019-01-20 11:57:48 0 0 0.0 0.0 0.0 
2019-01-20 11:57:58 0 0 0.0 0.0 0.0 
2019-01-20 11:58:08 0 0 0.0 0.0 0.0 
2019-01-20 11:58:18 0 0 0.0 0.0 0.0 
2019-01-20 11:58:28 0 0 0.0 0.0 0.0 
2019-01-20 11:58:38 0 0 0.0 0.0 0.0 
2019-01-20 11:58:48 0 0 0.0 0.0 0.0 
2019-01-20 11:58:58 0 0 0.0 0.0 0.0 
2019-01-20 11:59:08 0 0 0.0 0.0 0.0 
2019-01-20 11:59:18 0 0 0.0 0.0 0.0 
2019-01-20 11:59:28 0 0 0.0 0.0 0.0 
2019-01-20 11:59:38 0 0 0.0 0.0 0.0 
2019-01-20 11:59:48 0 0 0.0 0.0 0.0 
2019-01-20 11:59:58 0 0 0.0 0.0 0.0 
2019-01-20 12:00:08 0 0 0.0 0.0 0.0 
2019-01-20 12:00:18 0 0 0.0 0.0 0.0 
2019-01-20 12:00:28 0 0 0.0 0.0 0.0 
2019-01-20 12:00:38 0 0 0.0 0.0 0.0 
2019-01-20 12:00:48 0 0 0.0 0.0 0.0 
2019-01-20 12:00:58 0 0 0.0 0.0 0.0 
2019-01-20 12:01:08 0 0 0.0 0.0 0.0 
2019-01-20 12:01:18 0 0 0.0 0.0 0.0 
2019-01-20 12:01:28 0 0 0.0 0.0 0.0 
2019-01-20 12:01:38 0 0 0.0 0.0 0.0 
2019-01-20 12:01:48 0 0 0.0 0.0 0.0 
2019-01-20 12:01:58 0 0 0.0 0.0 0.0 
2019-01-20 12:02:08 0 0 0.0 0.0 0.0 
2019-01-20 12:02:18 0 0 0.0 0.0 0.0 
2019-01-20 12:02:28 0 0 0.0 0.0 0.0 
2019-01-20 12:02:38 0 0 0.0 0.0 0.0 
2019-01-20 12:02:48 0 0 0.0 0.0 0.0 
2019-01-20 12:02:58 0 0 0.0 0.0 0.0 
2019-01-20 12:03:08 0 0 0.0 0.0 0.0 
2019-01-20 12:03:18 0 0 0.0 0.0 0.0 
2019-01-20 12:03:28 0 0 0.0 0.0 0.0 
2019-01-20 12:03:38 0 0 0.0 0.0 0.0 
2019-01-20 12:03:48 0 0 0.0 0.0 0.0 
2019-01-20 12:03:58 0 0 0.0 0.0 0.0 
2019-01-20 12:04:08 0 0 0.0 0.0 0.0 
2019-01-20 12:04:18 0 0 0.0 0.0 0.0 
2019-01-20 12:04:28 0 0 0.0 0.0 0.0 
2019-01-20 12:04:38 0 0 0.0 0.0 0.0 
2019-01-20 12:04:48 0 0 0.0 0.0 0.0 
2019-01-20 12:04:58 0 0 0.0 0.0 0.0 
2019-01-20 12:05:08 0 0 0.0 0.0 0.0 
2019-01-20 12:05:18 0 0 0.0 0.0 0.0 
2019-01-20 12:05:28 0 0 0.0 0.0 0.0 
2019-01-20 12:05:38 0 0 0.0 0.0 0.0 
2019-01-20 12:05:48 0 0 0.0 0.0 0.0 
2019-01-20 12:05:58 0 0 0.0 0.0 0.0 
2019-01-20 12:06:08 0 0 0.0 0.0 0.0 
2019-01-20 12:06:18 0 0 0.0 0.0 0.0 
2019-01-20 12:06:28 0 0 0.0 0.0 0.0 
2019-01-20 12:06:38 0 0 0.0 0.0 0.0 
2019-01-20 12:06:48 0 0 0.0 0.0 0.0 
2019-01-20 12:06:58 0 0 0.0 0.0 0.0 
2019-01-20 12:07:08 0 0 0.0 0.0 0.0 
2019-01-20 12:07:18 0 0 0.0 0.0 0.0 
2019-01-20 12:07:28 0 0 0.0 0.0 0.0 
2019-01-20 12:07:38 0 0 0.0 0.0 0.0 
2019-01-20 12:07:48 0 0 0.0 0.0 0.0 
2019-01-20 12:07:58 0 0 0.0 0.0 0.0 
2019-01-20 12:08:08 0 0 0.0 0.0 0.0 
2019-01-20 12:08:18 0 0 0.0 0.0 0.0 
2019-01-20 12:08:28 0 0 0.0 0.0 0.0 
2019-01-20 12:08:38 0 0 0.0 0.0 0.0 
2019-01-20 12:08:48 0 0 0.0 0.0 0.0 
2019-01-20 12:08:58 0 0 0.0 0.0 0.0 
2019-01-20 12:09:08 0 0 0.0 0.0 0.0 
2019-01-20 12:09:18 0 0 0.0 0.0 0.0 
2019-01-20 12:09:28 0 0 0.0 0.0 0.0 
2019-01-20 12:09:38 0 0 0.0 0.0 0.0 
2019-01-20 12:09:48 0 0 0.0 0.0 0.0 
2019-01-20 12:09:58 0 0 0.0 0.0 0.0 
2019-01-20 12:10:08 0 0 0.0 0.0 0.0 
2019-01-20 12:10:18 0 0 0.0 0.0 0.0 
2019-01-20 12:10:28 0 0 0.0 0.0 0.0 
2019-01-20 12:10:38 0 0 0.0 0.0 0.0 
2019-01-20 12:10:48 0 0 0.0 0.0 0.0 
2019-01-20 12:10:58 0 0 0.0 0.0 0.0 
2019-01-20 12:11:08 0 0 0.0 0.0 0.0 
2019-01-20 12:11:18 0 0 0.0 0.0 0.0 
2019-01-20 12:11:28 0 0 0.0 0.0 0.0 
2019-01-20 12:11:38 0 0 0.0 0.0 0.0 
2019-01-20 12:11:48 0 0 0.0 0.0 0.0 
2019-01-20 12:11:58 0 0 0.0 0.0 0.0 
2019-01-20 12:12:08 0 0 0.0 0.0 0.0 
2019-01-20 12:12:18 0 0 0.0 0.0 0.0 
2019-01-20 12:12:28 0 0 0.0 0.0 0.0 
2019-01-20 12:12:38 0 0 0.0 0.0 0.0 
2019-01-20 12:12:48 0 0 0.0 0.0 0.0 
2019-01-20 12:12:58 0 0 0.0 0.0 0.0 
2019-01-20 12:13:08 0 0 0.0 0.0 0.0 
2019-01-20 12:13:18 0 0 0.0 0.0 0.0 
2019-01-20 12:13:28 0 0 0.0 0.0 0.0 
2019-01-20 12:13:38 0 0 0.0 0.0 0.0 
2019-01-20 12:13:48 0 0 0.0 0.0 0.0 
2019-01-20 12:13:58 0 0 0.0 0.0 0.0 
2019-01-20 12:14:08 0 0 0.0 0.0 0.0 
2019-01-20 12:14:18 0 0 0.0 0.0 0.0 
2019-01-20 12:14:28 0 0 0.0 0.0 0.0 
2019-01-20 12:14:38 0 0 0.0 0.0 0.0 
2019-01-20 12:14:48 0 0 0.0 0.0 0.0 
2019-01-20 12:14:58 0 0 0.0 0.0 0.0 
2019-01-20 12:15:08 0 0 0.0 0.0 0.0 
2019-01-20 12:15:18 0 0 0.0 0.0 0.0 
2019-01-20 12:15:28 0 0 0.0 0.0 0.0 
2019-01-20 12:15:38 0 0 0.0 0.0 0.0 
2019-01-20 12:15:48 0 0 0.0 0.0 0.0 
2019-01-20 12:15:58 0 0 0.0 0.0 0.0 
2019-01-20 12:16:08 0 0 0.0 0.0 0.0 
2019-01-20 12:16:18 0 0 0.0 0.0 0.0 
2019-01-20 12:16:28 0 0 0.0 0.0 0.0 
2019-01-20 12:16:38 0 0 0.0 0.0 0.0 
2019-01-20 12:16:48 0 0 0.0 0.0 0.0 
2019-01-20 12:16:58 0 0 0.0 0.0 0.0 
2019-01-20 12:17:08 0 0 0.0 0.0 0.0 
2019-01-20 12:17:18 0 0 0.0 0.0 0.0 
2019-01-20 12:17:28 0 0 0.0 0.0 0.0 
2019-01-20 12:17:38 0 0 0.0 0.0 0.0 
2019-01-20 12:17:48 0 0 0.0 0.0 0.0 
2019-01-20 12:17:58 0 0 0.0 0.0 0.0 
2019-01-20 12:18:08 0 0 0.0 0.0 0.0 
2019-01-20 12:18:18 0 0 0.0 0.0 0.0 
2019-01-20 12:18:28 0 0 0.0 0.0 0.0 
2019-01-20 12:18:38 0 0 0.0 0.0 0.0 
2019-01-20 12:18:48 0 0 0.0 0.0 0.0 
2019-01-20 12:18:58 0 0 0.0 0.0 0.0 
2019-01-20 12:19:08 0 0 0.0 0.0 0.0 
2019-01-20 12:19:18 0 0 0.0 0.0 0.0 
2019-01-20 12:19:28 0 0 0.0 0.0 0.0 
2019-01-20 12:19:38 0 0 0.0 0.0 0.0 
2019-01-20 12:19:48 0 0 0.0 0.0 0.0 
2019-01-20 12:19:58 0 0 0.0 0.0 0.0 
2019-01-20 12:20:08 0 0 0.0 0.0 0.0 
2019-01-20 12:20:18 0 0 0.0 0.0 0.0 
2019-01-20 12:20:28 0 0 0.0 0.0 0.0 
2019-01-20 12:20:38 0 0 0.0 0.0 0.0 
2019-01-20 12:20:48 0 0 0.0 0.0 0.0 
2019-01-20 12:20:58 0 0 0.0 0.0 0.0 
2019-01-20 12:21:08 0 0 0.0 0.0 0.0 
2019-01-20 12:21:18 0 0 0.0 0.0 0.0 
2019-01-20 12:21:28 0 0 0.0 0.0 0.0 
2019-01-20 12:21:38 0 0 0.0 0.0 0.0 
2019-01-20 12:21:48 0 0 0.0 0.0 0.0 
2019-01-20 12:21:58 0 0 0.0 0.0 0.0 
2019-01-20 12:22:08 0 0 0.0 0.0 0.0 
2019-01-20 12:22:18 0 0 0.0 0.0 0.0 
2019-01-20 12:22:28 0 0 0.0 0.0 0.0 
2019-01-20 12:22:38 0 0 0.0 0.0 0.0 
2019-01-20 12:22:48 0 0 0.0 0.0 0.0 
2019-01-20 12:22:58 0 0 0.0 0.0 0.0 
2019-01-20 12:23:08 0 0 0.0 0.0 0.0 
2019-01-20 12:23:18 0 0 0.0 0.0 0.0 
2019-01-20 12:23:28 0 0 0.0 0.0 0.0 
2019-01-20 12:23:38 0 0 0.0 0.0 0.0 
2019-01-20 12:23:48 0 0 0.0 0.0 0.0 
2019-01-20 12:23:58 0 0 0.0 0.0 0.0 
2019-01-20 12:24:08 0 0 0.0 0.0 0.0 
2019-01-20 12:24:18 0 0 0.0 0.0 0.0 
2019-01-20 12:24:28 0 0 0.0 0.0 0.0 
2019-01-20 12:24:38 0 0 0.0 0.0 0.0 
2019-01-20 12:24:48 0 0 0.0 0.0 0.0 
2019-01-20 12:24:58 0 0 0.0 0.0 0.0 
2019-01-20 12:25:08 0 0 0.0 0.0 0.0 
2019-01-20 12:25:18 0 0 0.0 0.0 0.0 
2019-01-20 12:25:28 0 0 0.0 0.0 0.0 
2019-01-20 12:25:38 0 0 0.0 0.0 0.0 
2019-01-20 12:25:48 0 0 0.0 0.0 0.0 
2019-01-20 12:25:58 0 0 0.0 0.0 0.0 
2019-01-20 12:26:08 0 0 0.0 0.0 0.0 
2019-01-20 12:26:18 0 0 0.0 0.0 0.0 
2019-01-20 12:26:28 0 0 0.0 0.0 0.0 
2019-01-20 12:26:38 0 0 0.0 0.0 0.0 
2019-01-20 12:26:48 0 0 0.0 0.0 0.0 
2019-01-20 12:26:58 0 0 0.0 0.0 0.0 
2019-01-20 12:27:08 0 0 0.0 0.0 0.0 
2019-01-20 12:27:18 0 0 0.0 0.0 0.0 
2019-01-20 12:27:28 0 0 0.0 0.0 0.0 
2019-01-20 12:27:38 0 0 0.0 0.0 0.0 
2019-01-20 12:27:48 0 0 0.0 0.0 0.0 
2019-01-20 12:27:58 0 0 0.0 0.0 0.0 
2019-01-20 12:28:08 0 0 0.0 0.0 0.0 
2019-01-20 12:28:18 0 0 0.0 0.0 0.0 
2019-01-20 12:28:28 0 0 0.0 0.0 0.0 
2019-01-20 12:28:38 0 0 0.0 0.0 0.0 
2019-01-20 12:28:48 0 0 0.0 0.0 0.0 
2019-01-20 12:28:58 0 0 0.0 0.0 0.0 
2019-01-20 12:29:08 0 0 0.0 0.0 0.0 
2019-01-20 12:29:18 0 0 0.0 0.0 0.0 
2019-01-20 12:29:28 0 0 0.0 0.0 0.0 
2019-01-20 12:29:38 0 0 0.0 0.0 0.0 
2019-01-20 12:29:48 0 0 0.0 0.0 0.0 
2019-01-20 12:29:58 0 0 0.0 0.0 0.0 
2019-01-20 12:30:08 0 0 0.0 0.0 0.0 
2019-01-20 12:30:18 0 0 0.0 0.0 0.0 
2019-01-20 12:30:28 0 0 0.0 0.0 0.0 
2019-01-20 12:30:38 0 0 0.0 0.0 0.0 
2019-01-20 12:30:48 0 0 0.0 0.0 0.0 
2019-01-20 12:30:58 0 0 0.0 0.0 0.0 
2019-01-20 12:31:08 0 0 0.0 0.0 0.0 
2019-01-20 12:31:18 0 0 0.0 0.0 0.0 
2019-01-20 12:31:28 0 0 0.0 0.0 0.0 
2019-01-20 12:31:38 0 0 0.0 0.0 0.0 
2019-01-20 12:31:48 0 0 0.0 0.0 0.0 
2019-01-20 12:31:58 0 0 0.0 0.0 0.0 
2019-01-20 12:32:08 0 0 0.0 0.0 0.0 
2019-01-20 12:32:18 0 0 0.0 0.0 0.0 
2019-01-20 12:32:28 0 0 0.0 0.0 0.0 
2019-01-20 12:32:38 0 0 0.0 0.0 0.0 
2019-01-20 12:32:48 0 0 0.0 0.0 0.0 
2019-01-20 12:32:58 0 0 0.0 0.0 0.0 
2019-01-20 12:33:08 0 0 0.0 0.0 0.0 
2019-01-20 12:33:18 0 0 0.0 0.0 0.0 
2019-01-20 12:33:28 0 0 0.0 0.0 0.0 
2019-01-20 12:33:38 0 0 0.0 0.0 0.0 
2019-01-20 12:33:48 0 0 0.0 0.0 0.0 
2019-01-20 12:33:58 0 0 0.0 0.0 0.0 
2019-01-20 12:34:08 0 0 0.0 0.0 0.0 
2019-01-20 12:34:18 0 0 0.0 0.0 0.0 
2019-01-20 12:34:28 0 0 0.0 0.0 0.0 
2019-01-20 12:34:38 0 0 0.0 0.0 0.0 
2019-01-20 12:34:48 0 0 0.0 0.0 0.0 
2019-01-20 12:34:58 0 0 0.0 0.0 0.0 
2019-01-20 12:35:08 0 0 0.0 0.0 0.0 
2019-01-20 12:35:18 0 0 0.0 0.0 0.0 
2019-01-20 12:35:28 0 0 0.0 0.0 0.0 
2019-01-20 12:35:38 0 0 0.0 0.0 0.0 
2019-01-20 12:35:48 0 0 0.0 0.0 0.0 
2019-01-20 12:35:58 0 0 0.0 0.0 0.0 
2019-01-20 12:36:08 0 0 0.0 0.0 0.0 
2019-01-20 12:36:18 0 0 0.0 0.0 0.0 
2019-01-20 12:36:28 0 0 0.0 0.0 0.0 
2019-01-20 12:36:38 0 0 0.0 0.0 0.0 
2019-01-20 12:36:48 0 0 0.0 0.0 0.0 
2019-01-20 12:36:58 0 0 0.0 0.0 0.0 
2019-01-20 12:37:08 0 0 0.0 0.0 0.0 
2019-01-20 12:37:18 0 0 0.0 0.0 0.0 
2019-01-20 12:37:28 0 0 0.0 0.0 0.0 
2019-01-20 12:37:38 0 0 0.0 0.0 0.0 
2019-01-20 12:37:48 0 0 0.0 0.0 0.0 
2019-01-20 12:37:58 0 0 0.0 0.0 0.0 
2019-01-20 12:38:08 0 0 0.0 0.0 0.0 
2019-01-20 12:38:18 0 0 0.0 0.0 0.0 
2019-01-20 12:38:28 0 0 0.0 0.0 0.0 
2019-01-20 12:38:38 0 0 0.0 0.0 0.0 
2019-01-20 12:38:48 0 0 0.0 0.0 0.0 
2019-01-20 12:38:58 0 0 0.0 0.0 0.0 
2019-01-20 12:39:08 0 0 0.0 0.0 0.0 
2019-01-20 12:39:18 0 0 0.0 0.0 0.0 
2019-01-20 12:39:28 0 0 0.0 0.0 0.0 
2019-01-20 12:39:38 0 0 0.0 0.0 0.0 
2019-01-20 12:39:48 0 0 0.0 0.0 0.0 
2019-01-20 12:39:58 0 0 0.0 0.0 0.0 
2019-01-20 12:40:08 0 0 0.0 0.0 0.0 
2019-01-20 12:40:18 0 0 0.0 0.0 0.0 
2019-01-20 12:40:28 0 0 0.0 0.0 0.0 
2019-01-20 12:40:38 0 0 0.0 0.0 0.0 
2019-01-20 12:40:48 0 0 0.0 0.0 0.0 
2019-01-20 12:40:58 0 0 0.0 0.0 0.0 
2019-01-20 12:41:08 0 0 0.0 0.0 0.0 
2019-01-20 12:41:18 0 0 0.0 0.0 0.0 
2019-01-20 12:41:28 0 0 0.0 0.0 0.0 
2019-01-20 12:41:38 0 0 0.0 0.0 0.0 
2019-01-20 12:41:48 0 0 0.0 0.0 0.0 
2019-01-20 12:41:58 0 0 0.0 0.0 0.0 
2019-01-20 12:42:08 0 0 0.0 0.0 0.0 
2019-01-20 12:42:18 0 0 0.0 0.0 0.0 
2019-01-20 12:42:28 0 0 0.0 0.0 0.0 
2019-01-20 12:42:38 0 0 0.0 0.0 0.0 
2019-01-20 12:42:48 0 0 0.0 0.0 0.0 
2019-01-20 12:42:58 0 0 0.0 0.0 0.0 
2019-01-20 12:43:08 0 0 0.0 0.0 0.0 
2019-01-20 12:43:18 0 0 0.0 0.0 0.0 
2019-01-20 12:43:28 0 0 0.0 0.0 0.0 
2019-01-20 12:43:38 0 0 0.0 0.0 0.0 
2019-01-20 12:43:48 0 0 0.0 0.0 0.0 
2019-01-20 12:43:58 0 0 0.0 0.0 0.0 
2019-01-20 12:44:08 0 0 0.0 0.0 0.0 
2019-01-20 12:44:18 0 0 0.0 0.0 0.0 
2019-01-20 12:44:28 0 0 0.0 0.0 0.0 
2019-01-20 12:44:38 0 0 0.0 0.0 0.0 
2019-01-20 12:44:48 0 0 0.0 0.0 0.0 
2019-01-20 12:44:58 0 0 0.0 0.0 0.0 
2019-01-20 12:45:08 0 0 0.0 0.0 0.0 
2019-01-20 12:45:18 0 0 0.0 0.0 0.0 
2019-01-20 12:45:28 0 0 0.0 0.0 0.0 
2019-01-20 12:45:39 0 0 0.0 0.0 0.0 
2019-01-20 12:45:49 0 0 0.0 0.0 0.0 
2019-01-20 12:45:59 0 0 0.0 0.0 0.0 
2019-01-20 12:46:09 0 0 0.0 0.0 0.0 
2019-01-20 12:46:19 0 0 0.0 0.0 0.0 
2019-01-20 12:46:29 0 0 0.0 0.0 0.0 
2019-01-20 12:46:39 0 0 0.0 0.0 0.0 
2019-01-20 12:46:49 0 0 0.0 0.0 0.0 
2019-01-20 12:46:59 0 0 0.0 0.0 0.0 
2019-01-20 12:47:09 0 0 0.0 0.0 0.0 
2019-01-20 12:47:19 0 0 0.0 0.0 0.0 
2019-01-20 12:47:29 0 0 0.0 0.0 0.0 
2019-01-20 12:47:39 0 0 0.0 0.0 0.0 
2019-01-20 12:47:49 0 0 0.0 0.0 0.0 
2019-01-20 12:47:59 0 0 0.0 0.0 0.0 
2019-01-20 12:48:09 0 0 0.0 0.0 0.0 
2019-01-20 12:48:19 0 0 0.0 0.0 0.0 
2019-01-20 12:48:29 0 0 0.0 0.0 0.0 
2019-01-20 12:48:39 0 0 0.0 0.0 0.0 
2019-01-20 12:48:49 0 0 0.0 0.0 0.0 
2019-01-20 12:48:59 0 0 0.0 0.0 0.0 
2019-01-20 12:49:09 0 0 0.0 0.0 0.0 
2019-01-20 12:49:19 0 0 0.0 0.0 0.0 
2019-01-20 12:49:29 0 0 0.0 0.0 0.0 
2019-01-20 12:49:39 0 0 0.0 0.0 0.0 
2019-01-20 12:49:49 0 0 0.0 0.0 0.0 
2019-01-20 12:49:59 0 0 0.0 0.0 0.0 
2019-01-20 12:50:09 0 0 0.0 0.0 0.0 
2019-01-20 12:50:19 0 0 0.0 0.0 0.0 
2019-01-20 12:50:29 0 0 0.0 0.0 0.0 
2019-01-20 12:50:39 0 0 0.0 0.0 0.0 
2019-01-20 12:50:49 0 0 0.0 0.0 0.0 
2019-01-20 12:50:59 0 0 0.0 0.0 0.0 
2019-01-20 12:51:09 0 0 0.0 0.0 0.0 
2019-01-20 12:51:19 0 0 0.0 0.0 0.0 
2019-01-20 12:51:29 0 0 0.0 0.0 0.0 
2019-01-20 12:51:39 0 0 0.0 0.0 0.0 
2019-01-20 12:51:49 0 0 0.0 0.0 0.0 
2019-01-20 12:51:59 0 0 0.0 0.0 0.0 
2019-01-20 12:52:09 0 0 0.0 0.0 0.0 
2019-01-20 12:52:19 0 0 0.0 0.0 0.0 
2019-01-20 12:52:29 0 0 0.0 0.0 0.0 
2019-01-20 12:52:39 0 0 0.0 0.0 0.0 
2019-01-20 12:52:49 0 0 0.0 0.0 0.0 
2019-01-20 12:52:59 0 0 0.0 0.0 0.0 
2019-01-20 12:53:09 0 0 0.0 0.0 0.0 
2019-01-20 12:53:19 0 0 0.0 0.0 0.0 
2019-01-20 12:53:29 0 0 0.0 0.0 0.0 
2019-01-20 12:53:39 0 0 0.0 0.0 0.0 
2019-01-20 12:53:49 0 0 0.0 0.0 0.0 
2019-01-20 12:53:59 0 0 0.0 0.0 0.0 
2019-01-20 12:54:09 0 0 0.0 0.0 0.0 
2019-01-20 12:54:19 0 0 0.0 0.0 0.0 
2019-01-20 12:54:29 0 0 0.0 0.0 0.0 
2019-01-20 12:54:39 0 0 0.0 0.0 0.0 
2019-01-20 12:54:49 0 0 0.0 0.0 0.0 
2019-01-20 12:54:59 0 0 0.0 0.0 0.0 
2019-01-20 12:55:09 0 0 0.0 0.0 0.0 
2019-01-20 12:55:19 0 0 0.0 0.0 0.0 
2019-01-20 12:55:29 0 0 0.0 0.0 0.0 
2019-01-20 12:55:39 0 0 0.0 0.0 0.0 
2019-01-20 12:55:49 0 0 0.0 0.0 0.0 
2019-01-20 12:55:59 0 0 0.0 0.0 0.0 
2019-01-20 12:56:09 0 0 0.0 0.0 0.0 
2019-01-20 12:56:19 0 0 0.0 0.0 0.0 
2019-01-20 12:56:29 0 0 0.0 0.0 0.0 
2019-01-20 12:56:39 0 0 0.0 0.0 0.0 
2019-01-20 12:56:49 0 0 0.0 0.0 0.0 
2019-01-20 12:56:59 0 0 0.0 0.0 0.0 
2019-01-20 12:57:09 0 0 0.0 0.0 0.0 
2019-01-20 12:57:19 0 0 0.0 0.0 0.0 
2019-01-20 12:57:29 0 0 0.0 0.0 0.0 
2019-01-20 12:57:39 0 0 0.0 0.0 0.0 
2019-01-20 12:57:49 0 0 0.0 0.0 0.0 
2019-01-20 12:57:59 0 0 0.0 0.0 0.0 
2019-01-20 12:58:09 0 0 0.0 0.0 0.0 
2019-01-20 12:58:19 0 0 0.0 0.0 0.0 
2019-01-20 12:58:29 0 0 0.0 0.0 0.0 
2019-01-20 12:58:39 0 0 0.0 0.0 0.0 
2019-01-20 12:58:49 0 0 0.0 0.0 0.0 
2019-01-20 12:58:59 0 0 0.0 0.0 0.0 
2019-01-20 12:59:09 0 0 0.0 0.0 0.0 
2019-01-20 12:59:19 0 0 0.0 0.0 0.0 
2019-01-20 12:59:29 0 0 0.0 0.0 0.0 
2019-01-20 12:59:39 0 0 0.0 0.0 0.0 
2019-01-20 12:59:49 0 0 0.0 0.0 0.0 
2019-01-20 12:59:59 0 0 0.0 0.0 0.0 
2019-01-20 13:00:09 0 0 0.0 0.0 0.0 
2019-01-20 13:00:19 0 0 0.0 0.0 0.0 
2019-01-20 13:00:29 0 0 0.0 0.0 0.0 
2019-01-20 13:00:39 0 0 0.0 0.0 0.0 
2019-01-20 13:00:49 0 0 0.0 0.0 0.0 
2019-01-20 13:00:59 0 0 0.0 0.0 0.0 
2019-01-20 13:01:09 0 0 0.0 0.0 0.0 
2019-01-20 13:01:19 0 0 0.0 0.0 0.0 
2019-01-20 13:01:29 0 0 0.0 0.0 0.0 
2019-01-20 13:01:39 0 0 0.0 0.0 0.0 
2019-01-20 13:01:49 0 0 0.0 0.0 0.0 
2019-01-20 13:01:59 0 0 0.0 0.0 0.0 
2019-01-20 13:02:09 0 0 0.0 0.0 0.0 
2019-01-20 13:02:19 0 0 0.0 0.0 0.0 
2019-01-20 13:02:29 0 0 0.0 0.0 0.0 
2019-01-20 13:02:39 0 0 0.0 0.0 0.0 
2019-01-20 13:02:49 0 0 0.0 0.0 0.0 
2019-01-20 13:02:59 0 0 0.0 0.0 0.0 
2019-01-20 13:03:09 0 0 0.0 0.0 0.0 
2019-01-20 13:03:19 0 0 0.0 0.0 0.0 
2019-01-20 13:03:29 0 0 0.0 0.0 0.0 
2019-01-20 13:03:39 0 0 0.0 0.0 0.0 
2019-01-20 13:03:49 0 0 0.0 0.0 0.0 
2019-01-20 13:03:59 0 0 0.0 0.0 0.0 
2019-01-20 13:04:09 0 0 0.0 0.0 0.0 
2019-01-20 13:04:19 0 0 0.0 0.0 0.0 
2019-01-20 13:04:29 0 0 0.0 0.0 0.0 
2019-01-20 13:04:39 0 0 0.0 0.0 0.0 
2019-01-20 13:04:49 0 0 0.0 0.0 0.0 
2019-01-20 13:04:59 0 0 0.0 0.0 0.0 
2019-01-20 13:05:09 0 0 0.0 0.0 0.0 
2019-01-20 13:05:19 0 0 0.0 0.0 0.0 
2019-01-20 13:05:29 0 0 0.0 0.0 0.0 
2019-01-20 13:05:39 0 0 0.0 0.0 0.0 
2019-01-20 13:05:49 0 0 0.0 0.0 0.0 
2019-01-20 13:05:59 0 0 0.0 0.0 0.0 
2019-01-20 13:06:09 0 0 0.0 0.0 0.0 
2019-01-20 13:06:19 0 0 0.0 0.0 0.0 
2019-01-20 13:06:29 0 0 0.0 0.0 0.0 
2019-01-20 13:06:39 0 0 0.0 0.0 0.0 
2019-01-20 13:06:49 0 0 0.0 0.0 0.0 
2019-01-20 13:06:59 0 0 0.0 0.0 0.0 
2019-01-20 13:07:09 0 0 0.0 0.0 0.0 
2019-01-20 13:07:19 0 0 0.0 0.0 0.0 
2019-01-20 13:07:29 0 0 0.0 0.0 0.0 
2019-01-20 13:07:39 0 0 0.0 0.0 0.0 
2019-01-20 13:07:49 0 0 0.0 0.0 0.0 
2019-01-20 13:07:59 0 0 0.0 0.0 0.0 
2019-01-20 13:08:09 0 0 0.0 0.0 0.0 
2019-01-20 13:08:19 0 0 0.0 0.0 0.0 
2019-01-20 13:08:29 0 0 0.0 0.0 0.0 
2019-01-20 13:08:39 0 0 0.0 0.0 0.0 
2019-01-20 13:08:49 0 0 0.0 0.0 0.0 
2019-01-20 13:08:59 0 0 0.0 0.0 0.0 
2019-01-20 13:09:09 0 0 0.0 0.0 0.0 
2019-01-20 13:09:19 0 0 0.0 0.0 0.0 
2019-01-20 13:09:29 0 0 0.0 0.0 0.0 
2019-01-20 13:09:39 0 0 0.0 0.0 0.0 
2019-01-20 13:09:49 0 0 0.0 0.0 0.0 
2019-01-20 13:09:59 0 0 0.0 0.0 0.0 
2019-01-20 13:10:09 0 0 0.0 0.0 0.0 
2019-01-20 13:10:19 0 0 0.0 0.0 0.0 
2019-01-20 13:10:29 0 0 0.0 0.0 0.0 
2019-01-20 13:10:39 0 0 0.0 0.0 0.0 
2019-01-20 13:10:49 0 0 0.0 0.0 0.0 
2019-01-20 13:10:59 0 0 0.0 0.0 0.0 
2019-01-20 13:11:09 0 0 0.0 0.0 0.0 
2019-01-20 13:11:19 0 0 0.0 0.0 0.0 
2019-01-20 13:11:29 0 0 0.0 0.0 0.0 
2019-01-20 13:11:39 0 0 0.0 0.0 0.0 
2019-01-20 13:11:49 0 0 0.0 0.0 0.0 
2019-01-20 13:11:59 0 0 0.0 0.0 0.0 
2019-01-20 13:12:09 0 0 0.0 0.0 0.0 
2019-01-20 13:12:19 0 0 0.0 0.0 0.0 
2019-01-20 13:12:29 0 0 0.0 0.0 0.0 
2019-01-20 13:12:39 0 0 0.0 0.0 0.0 
2019-01-20 13:12:49 0 0 0.0 0.0 0.0 
2019-01-20 13:12:59 0 0 0.0 0.0 0.0 
2019-01-20 13:13:09 0 0 0.0 0.0 0.0 
2019-01-20 13:13:19 0 0 0.0 0.0 0.0 
2019-01-20 13:13:29 0 0 0.0 0.0 0.0 
2019-01-20 13:13:39 0 0 0.0 0.0 0.0 
2019-01-20 13:13:49 0 0 0.0 0.0 0.0 
2019-01-20 13:13:59 0 0 0.0 0.0 0.0 
2019-01-20 13:14:09 0 0 0.0 0.0 0.0 
2019-01-20 13:14:19 0 0 0.0 0.0 0.0 
2019-01-20 13:14:29 0 0 0.0 0.0 0.0 
2019-01-20 13:14:39 0 0 0.0 0.0 0.0 
2019-01-20 13:14:49 0 0 0.0 0.0 0.0 
2019-01-20 13:14:59 0 0 0.0 0.0 0.0 
2019-01-20 13:15:09 0 0 0.0 0.0 0.0 
2019-01-20 13:15:19 0 0 0.0 0.0 0.0 
2019-01-20 13:15:29 0 0 0.0 0.0 0.0 
2019-01-20 13:15:39 0 0 0.0 0.0 0.0 
2019-01-20 13:15:49 0 0 0.0 0.0 0.0 
2019-01-20 13:15:59 0 0 0.0 0.0 0.0 
2019-01-20 13:16:09 0 0 0.0 0.0 0.0 
2019-01-20 13:16:19 0 0 0.0 0.0 0.0 
2019-01-20 13:16:29 0 0 0.0 0.0 0.0 
2019-01-20 13:16:39 0 0 0.0 0.0 0.0 
2019-01-20 13:16:49 0 0 0.0 0.0 0.0 
2019-01-20 13:16:59 0 0 0.0 0.0 0.0 
2019-01-20 13:17:09 0 0 0.0 0.0 0.0 
2019-01-20 13:17:19 0 0 0.0 0.0 0.0 
2019-01-20 13:17:29 0 0 0.0 0.0 0.0 
2019-01-20 13:17:39 0 0 0.0 0.0 0.0 
2019-01-20 13:17:49 0 0 0.0 0.0 0.0 
2019-01-20 13:17:59 0 0 0.0 0.0 0.0 
2019-01-20 13:18:09 0 0 0.0 0.0 0.0 
2019-01-20 13:18:19 0 0 0.0 0.0 0.0 
2019-01-20 13:18:29 0 0 0.0 0.0 0.0 
2019-01-20 13:18:39 0 0 0.0 0.0 0.0 
2019-01-20 13:18:49 0 0 0.0 0.0 0.0 
2019-01-20 13:18:59 0 0 0.0 0.0 0.0 
2019-01-20 13:19:09 0 0 0.0 0.0 0.0 
2019-01-20 13:19:19 0 0 0.0 0.0 0.0 
2019-01-20 13:19:29 0 0 0.0 0.0 0.0 
2019-01-20 13:19:39 0 0 0.0 0.0 0.0 
2019-01-20 13:19:49 0 0 0.0 0.0 0.0 
2019-01-20 13:19:59 0 0 0.0 0.0 0.0 
2019-01-20 13:20:09 0 0 0.0 0.0 0.0 
2019-01-20 13:20:19 0 0 0.0 0.0 0.0 
2019-01-20 13:20:29 0 0 0.0 0.0 0.0 
2019-01-20 13:20:39 0 0 0.0 0.0 0.0 
2019-01-20 13:20:49 0 0 0.0 0.0 0.0 
2019-01-20 13:20:59 0 0 0.0 0.0 0.0 
2019-01-20 13:21:09 0 0 0.0 0.0 0.0 
2019-01-20 13:21:19 0 0 0.0 0.0 0.0 
2019-01-20 13:21:29 0 0 0.0 0.0 0.0 
2019-01-20 13:21:39 0 0 0.0 0.0 0.0 
2019-01-20 13:21:49 0 0 0.0 0.0 0.0 
2019-01-20 13:21:59 0 0 0.0 0.0 0.0 
2019-01-20 13:22:09 0 0 0.0 0.0 0.0 
2019-01-20 13:22:19 0 0 0.0 0.0 0.0 
2019-01-20 13:22:29 0 0 0.0 0.0 0.0 
2019-01-20 13:22:39 0 0 0.0 0.0 0.0 
2019-01-20 13:22:49 0 0 0.0 0.0 0.0 
2019-01-20 13:22:59 0 0 0.0 0.0 0.0 
2019-01-20 13:23:09 0 0 0.0 0.0 0.0 
2019-01-20 13:23:19 0 0 0.0 0.0 0.0 
2019-01-20 13:23:29 0 0 0.0 0.0 0.0 
2019-01-20 13:23:39 0 0 0.0 0.0 0.0 
2019-01-20 13:23:49 0 0 0.0 0.0 0.0 
2019-01-20 13:23:59 0 0 0.0 0.0 0.0 
2019-01-20 13:24:09 0 0 0.0 0.0 0.0 
2019-01-20 13:24:19 0 0 0.0 0.0 0.0 
2019-01-20 13:24:29 0 0 0.0 0.0 0.0 
2019-01-20 13:24:39 0 0 0.0 0.0 0.0 
2019-01-20 13:24:49 0 0 0.0 0.0 0.0 
2019-01-20 13:24:59 0 0 0.0 0.0 0.0 
2019-01-20 13:25:09 0 0 0.0 0.0 0.0 
2019-01-20 13:25:19 0 0 0.0 0.0 0.0 
2019-01-20 13:25:29 0 0 0.0 0.0 0.0 
2019-01-20 13:25:39 0 0 0.0 0.0 0.0 
2019-01-20 13:25:49 0 0 0.0 0.0 0.0 
2019-01-20 13:25:59 0 0 0.0 0.0 0.0 
2019-01-20 13:26:09 0 0 0.0 0.0 0.0 
2019-01-20 13:26:19 0 0 0.0 0.0 0.0 
2019-01-20 13:26:29 0 0 0.0 0.0 0.0 
2019-01-20 13:26:39 0 0 0.0 0.0 0.0 
2019-01-20 13:26:49 0 0 0.0 0.0 0.0 
2019-01-20 13:26:59 0 0 0.0 0.0 0.0 
2019-01-20 13:27:09 0 0 0.0 0.0 0.0 
2019-01-20 13:27:19 0 0 0.0 0.0 0.0 
2019-01-20 13:27:29 0 0 0.0 0.0 0.0 
2019-01-20 13:27:39 0 0 0.0 0.0 0.0 
2019-01-20 13:27:49 0 0 0.0 0.0 0.0 
2019-01-20 13:27:59 0 0 0.0 0.0 0.0 
2019-01-20 13:28:09 0 0 0.0 0.0 0.0 
2019-01-20 13:28:19 0 0 0.0 0.0 0.0 
2019-01-20 13:28:29 0 0 0.0 0.0 0.0 
2019-01-20 13:28:39 0 0 0.0 0.0 0.0 
2019-01-20 13:28:49 0 0 0.0 0.0 0.0 
2019-01-20 13:28:59 0 0 0.0 0.0 0.0 
2019-01-20 13:29:09 0 0 0.0 0.0 0.0 
2019-01-20 13:29:19 0 0 0.0 0.0 0.0 
2019-01-20 13:29:29 0 0 0.0 0.0 0.0 
2019-01-20 13:29:39 0 0 0.0 0.0 0.0 
2019-01-20 13:29:49 0 0 0.0 0.0 0.0 
2019-01-20 13:29:59 0 0 0.0 0.0 0.0 
2019-01-20 13:30:09 0 0 0.0 0.0 0.0 
2019-01-20 13:30:19 0 0 0.0 0.0 0.0 
2019-01-20 13:30:29 0 0 0.0 0.0 0.0 
2019-01-20 13:30:39 0 0 0.0 0.0 0.0 
2019-01-20 13:30:49 0 0 0.0 0.0 0.0 
2019-01-20 13:30:59 0 0 0.0 0.0 0.0 
2019-01-20 13:31:09 0 0 0.0 0.0 0.0 
2019-01-20 13:31:19 0 0 0.0 0.0 0.0 
2019-01-20 13:31:29 0 0 0.0 0.0 0.0 
2019-01-20 13:31:39 0 0 0.0 0.0 0.0 
2019-01-20 13:31:49 0 0 0.0 0.0 0.0 
2019-01-20 13:31:59 0 0 0.0 0.0 0.0 
2019-01-20 13:32:09 0 0 0.0 0.0 0.0 
2019-01-20 13:32:19 0 0 0.0 0.0 0.0 
2019-01-20 13:32:29 0 0 0.0 0.0 0.0 
2019-01-20 13:32:39 0 0 0.0 0.0 0.0 
2019-01-20 13:32:49 0 0 0.0 0.0 0.0 
2019-01-20 13:32:59 0 0 0.0 0.0 0.0 
2019-01-20 13:33:09 0 0 0.0 0.0 0.0 
2019-01-20 13:33:19 0 0 0.0 0.0 0.0 
2019-01-20 13:33:29 0 0 0.0 0.0 0.0 
2019-01-20 13:33:39 0 0 0.0 0.0 0.0 
2019-01-20 13:33:49 0 0 0.0 0.0 0.0 
2019-01-20 13:33:59 0 0 0.0 0.0 0.0 
2019-01-20 13:34:09 0 0 0.0 0.0 0.0 
2019-01-20 13:34:19 0 0 0.0 0.0 0.0 
2019-01-20 13:34:29 0 0 0.0 0.0 0.0 
2019-01-20 13:34:39 0 0 0.0 0.0 0.0 
2019-01-20 13:34:49 0 0 0.0 0.0 0.0 
2019-01-20 13:34:59 0 0 0.0 0.0 0.0 
2019-01-20 13:35:09 0 0 0.0 0.0 0.0 
2019-01-20 13:35:19 0 0 0.0 0.0 0.0 
2019-01-20 13:35:29 0 0 0.0 0.0 0.0 
2019-01-20 13:35:39 0 0 0.0 0.0 0.0 
2019-01-20 13:35:49 0 0 0.0 0.0 0.0 
2019-01-20 13:35:59 0 0 0.0 0.0 0.0 
2019-01-20 13:36:09 0 0 0.0 0.0 0.0 
2019-01-20 13:36:19 0 0 0.0 0.0 0.0 
2019-01-20 13:36:29 0 0 0.0 0.0 0.0 
2019-01-20 13:36:39 0 0 0.0 0.0 0.0 
2019-01-20 13:36:49 0 0 0.0 0.0 0.0 
2019-01-20 13:36:59 0 0 0.0 0.0 0.0 
2019-01-20 13:37:09 0 0 0.0 0.0 0.0 
2019-01-20 13:37:19 0 0 0.0 0.0 0.0 
2019-01-20 13:37:29 0 0 0.0 0.0 0.0 
2019-01-20 13:37:39 0 0 0.0 0.0 0.0 
2019-01-20 13:37:49 0 0 0.0 0.0 0.0 
2019-01-20 13:37:59 0 0 0.0 0.0 0.0 
2019-01-20 13:38:09 0 0 0.0 0.0 0.0 
2019-01-20 13:38:19 0 0 0.0 0.0 0.0 
2019-01-20 13:38:29 0 0 0.0 0.0 0.0 
2019-01-20 13:38:39 0 0 0.0 0.0 0.0 
2019-01-20 13:38:49 0 0 0.0 0.0 0.0 
2019-01-20 13:38:59 0 0 0.0 0.0 0.0 
2019-01-20 13:39:09 0 0 0.0 0.0 0.0 
2019-01-20 13:39:19 0 0 0.0 0.0 0.0 
2019-01-20 13:39:29 0 0 0.0 0.0 0.0 
2019-01-20 13:39:39 0 0 0.0 0.0 0.0 
2019-01-20 13:39:49 0 0 0.0 0.0 0.0 
2019-01-20 13:39:59 0 0 0.0 0.0 0.0 
2019-01-20 13:40:09 0 0 0.0 0.0 0.0 
2019-01-20 13:40:19 0 0 0.0 0.0 0.0 
2019-01-20 13:40:29 0 0 0.0 0.0 0.0 
2019-01-20 13:40:39 0 0 0.0 0.0 0.0 
2019-01-20 13:40:49 0 0 0.0 0.0 0.0 
2019-01-20 13:40:59 0 0 0.0 0.0 0.0 
2019-01-20 13:41:09 0 0 0.0 0.0 0.0 
2019-01-20 13:41:19 0 0 0.0 0.0 0.0 
2019-01-20 13:41:29 0 0 0.0 0.0 0.0 
2019-01-20 13:41:39 0 0 0.0 0.0 0.0 
2019-01-20 13:41:49 0 0 0.0 0.0 0.0 
2019-01-20 13:41:59 0 0 0.0 0.0 0.0 
2019-01-20 13:42:09 0 0 0.0 0.0 0.0 
2019-01-20 13:42:19 0 0 0.0 0.0 0.0 
2019-01-20 13:42:29 0 0 0.0 0.0 0.0 
2019-01-20 13:42:39 0 0 0.0 0.0 0.0 
2019-01-20 13:42:49 0 0 0.0 0.0 0.0 
2019-01-20 13:42:59 0 0 0.0 0.0 0.0 
2019-01-20 13:43:09 0 0 0.0 0.0 0.0 
2019-01-20 13:43:19 0 0 0.0 0.0 0.0 
2019-01-20 13:43:29 0 0 0.0 0.0 0.0 
2019-01-20 13:43:39 0 0 0.0 0.0 0.0 
2019-01-20 13:43:49 0 0 0.0 0.0 0.0 
2019-01-20 13:43:59 0 0 0.0 0.0 0.0 
2019-01-20 13:44:09 0 0 0.0 0.0 0.0 
2019-01-20 13:44:19 0 0 0.0 0.0 0.0 
2019-01-20 13:44:29 0 0 0.0 0.0 0.0 
2019-01-20 13:44:39 0 0 0.0 0.0 0.0 
2019-01-20 13:44:49 0 0 0.0 0.0 0.0 
2019-01-20 13:44:59 0 0 0.0 0.0 0.0 
2019-01-20 13:45:09 0 0 0.0 0.0 0.0 
2019-01-20 13:45:19 0 0 0.0 0.0 0.0 
2019-01-20 13:45:29 0 0 0.0 0.0 0.0 
2019-01-20 13:45:39 0 0 0.0 0.0 0.0 
2019-01-20 13:45:49 0 0 0.0 0.0 0.0 
2019-01-20 13:45:59 0 0 0.0 0.0 0.0 
2019-01-20 13:46:09 0 0 0.0 0.0 0.0 
2019-01-20 13:46:19 0 0 0.0 0.0 0.0 
2019-01-20 13:46:29 0 0 0.0 0.0 0.0 
2019-01-20 13:46:39 0 0 0.0 0.0 0.0 
2019-01-20 13:46:49 0 0 0.0 0.0 0.0 
2019-01-20 13:46:59 0 0 0.0 0.0 0.0 
2019-01-20 13:47:09 0 0 0.0 0.0 0.0 
2019-01-20 13:47:19 0 0 0.0 0.0 0.0 
2019-01-20 13:47:29 0 0 0.0 0.0 0.0 
2019-01-20 13:47:39 0 0 0.0 0.0 0.0 
2019-01-20 13:47:49 0 0 0.0 0.0 0.0 
2019-01-20 13:47:59 0 0 0.0 0.0 0.0 
2019-01-20 13:48:09 0 0 0.0 0.0 0.0 
2019-01-20 13:48:19 0 0 0.0 0.0 0.0 
2019-01-20 13:48:29 0 0 0.0 0.0 0.0 
2019-01-20 13:48:39 0 0 0.0 0.0 0.0 
2019-01-20 13:48:49 0 0 0.0 0.0 0.0 
2019-01-20 13:48:59 0 0 0.0 0.0 0.0 
2019-01-20 13:49:09 0 0 0.0 0.0 0.0 
2019-01-20 13:49:19 0 0 0.0 0.0 0.0 
2019-01-20 13:49:29 0 0 0.0 0.0 0.0 
2019-01-20 13:49:39 0 0 0.0 0.0 0.0 
2019-01-20 13:49:49 0 0 0.0 0.0 0.0 
2019-01-20 13:49:59 0 0 0.0 0.0 0.0 
2019-01-20 13:50:09 0 0 0.0 0.0 0.0 
2019-01-20 13:50:19 0 0 0.0 0.0 0.0 
2019-01-20 13:50:29 0 0 0.0 0.0 0.0 
2019-01-20 13:50:39 0 0 0.0 0.0 0.0 
2019-01-20 13:50:49 0 0 0.0 0.0 0.0 
2019-01-20 13:50:59 0 0 0.0 0.0 0.0 
2019-01-20 13:51:09 0 0 0.0 0.0 0.0 
2019-01-20 13:51:19 0 0 0.0 0.0 0.0 
2019-01-20 13:51:29 0 0 0.0 0.0 0.0 
2019-01-20 13:51:39 0 0 0.0 0.0 0.0 
2019-01-20 13:51:56 0 0 0.0 0.0 0.0 
2019-01-20 13:52:06 0 0 0.0 0.0 0.0 
2019-01-20 13:52:16 0 0 0.0 0.0 0.0 
2019-01-20 13:52:26 0 0 0.0 0.0 0.0 
2019-01-20 13:52:36 0 0 0.0 0.0 0.0 
2019-01-20 13:52:46 0 0 0.0 0.0 0.0 
2019-01-20 13:52:56 0 0 0.0 0.0 0.0 
2019-01-20 13:53:06 0 0 0.0 0.0 0.0 
2019-01-20 13:53:16 0 0 0.0 0.0 0.0 
2019-01-20 13:53:26 0 0 0.0 0.0 0.0 
2019-01-20 13:53:36 0 0 0.0 0.0 0.0 
2019-01-20 13:53:46 0 0 0.0 0.0 0.0 
2019-01-20 13:53:56 0 0 0.0 0.0 0.0 
2019-01-20 13:54:06 0 0 0.0 0.0 0.0 
2019-01-20 13:54:16 0 0 0.0 0.0 0.0 
2019-01-20 13:54:26 0 0 0.0 0.0 0.0 
2019-01-20 13:54:36 0 0 0.0 0.0 0.0 
2019-01-20 13:54:46 0 0 0.0 0.0 0.0 
2019-01-20 13:54:56 0 0 0.0 0.0 0.0 
2019-01-20 13:55:06 0 0 0.0 0.0 0.0 
2019-01-20 13:55:16 0 0 0.0 0.0 0.0 
2019-01-20 13:55:26 0 0 0.0 0.0 0.0 
2019-01-20 13:55:36 0 0 0.0 0.0 0.0 
2019-01-20 13:55:46 0 0 0.0 0.0 0.0 
2019-01-20 13:55:56 0 0 0.0 0.0 0.0 
2019-01-20 13:56:06 0 0 0.0 0.0 0.0 
2019-01-20 13:56:16 0 0 0.0 0.0 0.0 
2019-01-20 13:56:26 0 0 0.0 0.0 0.0 
2019-01-20 13:56:36 0 0 0.0 0.0 0.0 
2019-01-20 13:56:46 0 0 0.0 0.0 0.0 
2019-01-20 13:56:56 0 0 0.0 0.0 0.0 
2019-01-20 13:57:06 0 0 0.0 0.0 0.0 
2019-01-20 13:57:16 0 0 0.0 0.0 0.0 
2019-01-20 13:57:26 0 0 0.0 0.0 0.0 
2019-01-20 13:57:36 0 0 0.0 0.0 0.0 
2019-01-20 13:57:46 0 0 0.0 0.0 0.0 
2019-01-20 13:57:56 0 0 0.0 0.0 0.0 
2019-01-20 13:58:06 0 0 0.0 0.0 0.0 
2019-01-20 13:58:16 0 0 0.0 0.0 0.0 
2019-01-20 13:58:26 0 0 0.0 0.0 0.0 
2019-01-20 13:58:36 0 0 0.0 0.0 0.0 
2019-01-20 13:58:46 0 0 0.0 0.0 0.0 
2019-01-20 13:58:56 0 0 0.0 0.0 0.0 
2019-01-20 13:59:06 0 0 0.0 0.0 0.0 
2019-01-20 13:59:16 0 0 0.0 0.0 0.0 
2019-01-20 13:59:26 0 0 0.0 0.0 0.0 
2019-01-20 13:59:36 0 0 0.0 0.0 0.0 
2019-01-20 13:59:46 0 0 0.0 0.0 0.0 
2019-01-20 13:59:56 0 0 0.0 0.0 0.0 
2019-01-20 14:00:06 0 0 0.0 0.0 0.0 
2019-01-20 14:00:16 0 0 0.0 0.0 0.0 
2019-01-20 14:00:26 0 0 0.0 0.0 0.0 
2019-01-20 14:00:36 0 0 0.0 0.0 0.0 
2019-01-20 14:00:46 0 0 0.0 0.0 0.0 
2019-01-20 14:00:56 0 0 0.0 0.0 0.0 
2019-01-20 14:01:06 0 0 0.0 0.0 0.0 
2019-01-20 14:01:16 0 0 0.0 0.0 0.0 
2019-01-20 14:01:26 0 0 0.0 0.0 0.0 
2019-01-20 14:01:36 0 0 0.0 0.0 0.0 
2019-01-20 14:01:46 0 0 0.0 0.0 0.0 
2019-01-20 14:01:56 0 0 0.0 0.0 0.0 
2019-01-20 14:02:06 0 0 0.0 0.0 0.0 
2019-01-20 14:02:16 0 0 0.0 0.0 0.0 
2019-01-20 14:02:26 0 0 0.0 0.0 0.0 
2019-01-20 14:02:36 0 0 0.0 0.0 0.0 
2019-01-20 14:02:46 0 0 0.0 0.0 0.0 
2019-01-20 14:02:56 0 0 0.0 0.0 0.0 
2019-01-20 14:03:06 0 0 0.0 0.0 0.0 
2019-01-20 14:03:16 0 0 0.0 0.0 0.0 
2019-01-20 14:03:26 0 0 0.0 0.0 0.0 
2019-01-20 14:03:36 0 0 0.0 0.0 0.0 
2019-01-20 14:03:46 0 0 0.0 0.0 0.0 
2019-01-20 14:03:56 0 0 0.0 0.0 0.0 
2019-01-20 14:04:06 0 0 0.0 0.0 0.0 
2019-01-20 14:04:16 0 0 0.0 0.0 0.0 
2019-01-20 14:04:26 0 0 0.0 0.0 0.0 
2019-01-20 14:04:36 0 0 0.0 0.0 0.0 
2019-01-20 14:04:46 0 0 0.0 0.0 0.0 
2019-01-20 14:04:56 0 0 0.0 0.0 0.0 
2019-01-20 14:05:06 0 0 0.0 0.0 0.0 
2019-01-20 14:05:16 0 0 0.0 0.0 0.0 
2019-01-20 14:05:26 0 0 0.0 0.0 0.0 
2019-01-20 14:05:36 0 0 0.0 0.0 0.0 
2019-01-20 14:05:46 0 0 0.0 0.0 0.0 
2019-01-20 14:05:56 0 0 0.0 0.0 0.0 
2019-01-20 14:06:06 0 0 0.0 0.0 0.0 
2019-01-20 14:06:16 0 0 0.0 0.0 0.0 
2019-01-20 14:06:26 0 0 0.0 0.0 0.0 
2019-01-20 14:06:36 0 0 0.0 0.0 0.0 
2019-01-20 14:06:46 0 0 0.0 0.0 0.0 
2019-01-20 14:06:56 0 0 0.0 0.0 0.0 
2019-01-20 14:07:06 0 0 0.0 0.0 0.0 
2019-01-20 14:07:16 0 0 0.0 0.0 0.0 
2019-01-20 14:07:26 0 0 0.0 0.0 0.0 
2019-01-20 14:07:36 0 0 0.0 0.0 0.0 
2019-01-20 14:07:46 0 0 0.0 0.0 0.0 
2019-01-20 14:07:56 0 0 0.0 0.0 0.0 
2019-01-20 14:08:06 0 0 0.0 0.0 0.0 
2019-01-20 14:08:16 0 0 0.0 0.0 0.0 
2019-01-20 14:08:26 0 0 0.0 0.0 0.0 
2019-01-20 14:08:36 0 0 0.0 0.0 0.0 
2019-01-20 14:08:46 0 0 0.0 0.0 0.0 
2019-01-20 14:08:56 0 0 0.0 0.0 0.0 
2019-01-20 14:09:06 0 0 0.0 0.0 0.0 
2019-01-20 14:09:16 0 0 0.0 0.0 0.0 
2019-01-20 14:09:26 0 0 0.0 0.0 0.0 
2019-01-20 14:09:36 0 0 0.0 0.0 0.0 
2019-01-20 14:09:46 0 0 0.0 0.0 0.0 
2019-01-20 14:09:56 0 0 0.0 0.0 0.0 
2019-01-20 14:10:06 0 0 0.0 0.0 0.0 
2019-01-20 14:10:16 0 0 0.0 0.0 0.0 
2019-01-20 14:10:26 0 0 0.0 0.0 0.0 
2019-01-20 14:10:36 0 0 0.0 0.0 0.0 
2019-01-20 14:10:46 0 0 0.0 0.0 0.0 
2019-01-20 14:10:56 0 0 0.0 0.0 0.0 
2019-01-20 14:11:06 0 0 0.0 0.0 0.0 
2019-01-20 14:11:16 0 0 0.0 0.0 0.0 
2019-01-20 14:11:26 0 0 0.0 0.0 0.0 
2019-01-20 14:11:36 0 0 0.0 0.0 0.0 
2019-01-20 14:11:46 0 0 0.0 0.0 0.0 
2019-01-20 14:11:56 0 0 0.0 0.0 0.0 
2019-01-20 14:12:06 0 0 0.0 0.0 0.0 
2019-01-20 14:12:16 0 0 0.0 0.0 0.0 
2019-01-20 14:12:26 0 0 0.0 0.0 0.0 
2019-01-20 14:12:36 0 0 0.0 0.0 0.0 
2019-01-20 14:12:46 0 0 0.0 0.0 0.0 
2019-01-20 14:12:56 0 0 0.0 0.0 0.0 
2019-01-20 14:13:06 0 0 0.0 0.0 0.0 
2019-01-20 14:13:16 0 0 0.0 0.0 0.0 
2019-01-20 14:13:26 0 0 0.0 0.0 0.0 
2019-01-20 14:13:36 0 0 0.0 0.0 0.0 
2019-01-20 14:13:46 0 0 0.0 0.0 0.0 
2019-01-20 14:13:56 0 0 0.0 0.0 0.0 
2019-01-20 14:14:06 0 0 0.0 0.0 0.0 
2019-01-20 14:14:16 0 0 0.0 0.0 0.0 
2019-01-20 14:14:26 0 0 0.0 0.0 0.0 
2019-01-20 14:14:36 0 0 0.0 0.0 0.0 
2019-01-20 14:14:46 0 0 0.0 0.0 0.0 
2019-01-20 14:14:56 0 0 0.0 0.0 0.0 
2019-01-20 14:15:06 0 0 0.0 0.0 0.0 
2019-01-20 14:15:16 0 0 0.0 0.0 0.0 
2019-01-20 14:15:26 0 0 0.0 0.0 0.0 
2019-01-20 14:15:36 0 0 0.0 0.0 0.0 
2019-01-20 14:15:46 0 0 0.0 0.0 0.0 
2019-01-20 14:15:56 0 0 0.0 0.0 0.0 
2019-01-20 14:16:06 0 0 0.0 0.0 0.0 
2019-01-20 14:16:16 0 0 0.0 0.0 0.0 
2019-01-20 14:16:26 0 0 0.0 0.0 0.0 
2019-01-20 14:16:36 0 0 0.0 0.0 0.0 
2019-01-20 14:16:46 0 0 0.0 0.0 0.0 
2019-01-20 14:16:56 0 0 0.0 0.0 0.0 
2019-01-20 14:17:06 0 0 0.0 0.0 0.0 
2019-01-20 14:17:16 0 0 0.0 0.0 0.0 
2019-01-20 14:17:26 0 0 0.0 0.0 0.0 
2019-01-20 14:17:36 0 0 0.0 0.0 0.0 
2019-01-20 14:17:46 0 0 0.0 0.0 0.0 
2019-01-20 14:17:56 0 0 0.0 0.0 0.0 
2019-01-20 14:18:06 0 0 0.0 0.0 0.0 
2019-01-20 14:18:16 0 0 0.0 0.0 0.0 
2019-01-20 14:18:26 0 0 0.0 0.0 0.0 
2019-01-20 14:18:36 0 0 0.0 0.0 0.0 
2019-01-20 14:18:46 0 0 0.0 0.0 0.0 
2019-01-20 14:18:56 0 0 0.0 0.0 0.0 
2019-01-20 14:19:06 0 0 0.0 0.0 0.0 
2019-01-20 14:19:16 0 0 0.0 0.0 0.0 
2019-01-20 14:19:26 0 0 0.0 0.0 0.0 
2019-01-20 14:19:36 0 0 0.0 0.0 0.0 
2019-01-20 14:19:46 0 0 0.0 0.0 0.0 
2019-01-20 14:19:56 0 0 0.0 0.0 0.0 
2019-01-20 14:20:06 0 0 0.0 0.0 0.0 
2019-01-20 14:20:16 0 0 0.0 0.0 0.0 
2019-01-20 14:20:26 0 0 0.0 0.0 0.0 
2019-01-20 14:20:36 0 0 0.0 0.0 0.0 
2019-01-20 14:20:46 0 0 0.0 0.0 0.0 
2019-01-20 14:20:56 0 0 0.0 0.0 0.0 
2019-01-20 14:21:06 0 0 0.0 0.0 0.0 
2019-01-20 14:21:16 0 0 0.0 0.0 0.0 
2019-01-20 14:21:26 0 0 0.0 0.0 0.0 
2019-01-20 14:21:36 0 0 0.0 0.0 0.0 
2019-01-20 14:21:46 0 0 0.0 0.0 0.0 
2019-01-20 14:21:56 0 0 0.0 0.0 0.0 
2019-01-20 14:22:06 0 0 0.0 0.0 0.0 
2019-01-20 14:22:16 0 0 0.0 0.0 0.0 
2019-01-20 14:22:26 0 0 0.0 0.0 0.0 
2019-01-20 14:22:36 0 0 0.0 0.0 0.0 
2019-01-20 14:22:46 0 0 0.0 0.0 0.0 
2019-01-20 14:22:56 0 0 0.0 0.0 0.0 
2019-01-20 14:23:06 0 0 0.0 0.0 0.0 
2019-01-20 14:23:16 0 0 0.0 0.0 0.0 
2019-01-20 14:23:26 0 0 0.0 0.0 0.0 
2019-01-20 14:23:36 0 0 0.0 0.0 0.0 
2019-01-20 14:23:46 0 0 0.0 0.0 0.0 
2019-01-20 14:23:56 0 0 0.0 0.0 0.0 
2019-01-20 14:24:06 0 0 0.0 0.0 0.0 
2019-01-20 14:24:16 0 0 0.0 0.0 0.0 
2019-01-20 14:24:26 0 0 0.0 0.0 0.0 
2019-01-20 14:24:36 0 0 0.0 0.0 0.0 
2019-01-20 14:24:46 0 0 0.0 0.0 0.0 
2019-01-20 14:24:56 0 0 0.0 0.0 0.0 
2019-01-20 14:25:06 0 0 0.0 0.0 0.0 
2019-01-20 14:25:16 0 0 0.0 0.0 0.0 
2019-01-20 14:25:26 0 0 0.0 0.0 0.0 
2019-01-20 14:25:36 0 0 0.0 0.0 0.0 
2019-01-20 14:25:46 0 0 0.0 0.0 0.0 
2019-01-20 14:25:56 0 0 0.0 0.0 0.0 
2019-01-20 14:26:06 0 0 0.0 0.0 0.0 
2019-01-20 14:26:16 0 0 0.0 0.0 0.0 
2019-01-20 14:26:26 0 0 0.0 0.0 0.0 
2019-01-20 14:26:36 0 0 0.0 0.0 0.0 
2019-01-20 14:26:46 0 0 0.0 0.0 0.0 
2019-01-20 14:26:56 0 0 0.0 0.0 0.0 
2019-01-20 14:27:06 0 0 0.0 0.0 0.0 
2019-01-20 14:27:16 0 0 0.0 0.0 0.0 
2019-01-20 14:27:26 0 0 0.0 0.0 0.0 
2019-01-20 14:27:36 0 0 0.0 0.0 0.0 
2019-01-20 14:27:46 0 0 0.0 0.0 0.0 
2019-01-20 14:27:56 0 0 0.0 0.0 0.0 
2019-01-20 14:28:06 0 0 0.0 0.0 0.0 
2019-01-20 14:28:16 0 0 0.0 0.0 0.0 
2019-01-20 14:28:26 0 0 0.0 0.0 0.0 
2019-01-20 14:28:36 0 0 0.0 0.0 0.0 
2019-01-20 14:28:46 0 0 0.0 0.0 0.0 
2019-01-20 14:28:56 0 0 0.0 0.0 0.0 
2019-01-20 14:29:06 0 0 0.0 0.0 0.0 
2019-01-20 14:29:16 0 0 0.0 0.0 0.0 
2019-01-20 14:29:26 0 0 0.0 0.0 0.0 
2019-01-20 14:29:36 0 0 0.0 0.0 0.0 
2019-01-20 14:29:46 0 0 0.0 0.0 0.0 
2019-01-20 14:29:56 0 0 0.0 0.0 0.0 
2019-01-20 14:30:06 0 0 0.0 0.0 0.0 
2019-01-20 14:30:16 0 0 0.0 0.0 0.0 
2019-01-20 14:30:26 0 0 0.0 0.0 0.0 
2019-01-20 14:30:36 0 0 0.0 0.0 0.0 
2019-01-20 14:30:46 0 0 0.0 0.0 0.0 
2019-01-20 14:30:56 0 0 0.0 0.0 0.0 
2019-01-20 14:31:06 0 0 0.0 0.0 0.0 
2019-01-20 14:31:16 0 0 0.0 0.0 0.0 
2019-01-20 14:31:26 0 0 0.0 0.0 0.0 
2019-01-20 14:31:36 0 0 0.0 0.0 0.0 
2019-01-20 14:31:46 0 0 0.0 0.0 0.0 
2019-01-20 14:31:56 0 0 0.0 0.0 0.0 
2019-01-20 14:32:06 0 0 0.0 0.0 0.0 
2019-01-20 14:32:16 0 0 0.0 0.0 0.0 
2019-01-20 14:32:26 0 0 0.0 0.0 0.0 
2019-01-20 14:32:36 0 0 0.0 0.0 0.0 
2019-01-20 14:32:46 0 0 0.0 0.0 0.0 
2019-01-20 14:32:56 0 0 0.0 0.0 0.0 
2019-01-20 14:33:06 0 0 0.0 0.0 0.0 
2019-01-20 14:33:16 0 0 0.0 0.0 0.0 
2019-01-20 14:33:26 0 0 0.0 0.0 0.0 
2019-01-20 14:33:36 0 0 0.0 0.0 0.0 
2019-01-20 14:33:46 0 0 0.0 0.0 0.0 
2019-01-20 14:33:56 0 0 0.0 0.0 0.0 
2019-01-20 14:34:06 0 0 0.0 0.0 0.0 
2019-01-20 14:34:16 0 0 0.0 0.0 0.0 
2019-01-20 14:34:26 0 0 0.0 0.0 0.0 
2019-01-20 14:34:36 0 0 0.0 0.0 0.0 
2019-01-20 14:34:46 0 0 0.0 0.0 0.0 
2019-01-20 14:34:56 0 0 0.0 0.0 0.0 
2019-01-20 14:35:06 0 0 0.0 0.0 0.0 
2019-01-20 14:35:16 0 0 0.0 0.0 0.0 
2019-01-20 14:35:26 0 0 0.0 0.0 0.0 
2019-01-20 14:35:36 0 0 0.0 0.0 0.0 
2019-01-20 14:35:46 0 0 0.0 0.0 0.0 
2019-01-20 14:35:56 0 0 0.0 0.0 0.0 
2019-01-20 14:36:06 0 0 0.0 0.0 0.0 
2019-01-20 14:36:16 0 0 0.0 0.0 0.0 
2019-01-20 14:36:26 0 0 0.0 0.0 0.0 
2019-01-20 14:36:36 0 0 0.0 0.0 0.0 
2019-01-20 14:36:46 0 0 0.0 0.0 0.0 
2019-01-20 14:36:56 0 0 0.0 0.0 0.0 
2019-01-20 14:37:06 0 0 0.0 0.0 0.0 
2019-01-20 14:37:16 0 0 0.0 0.0 0.0 
2019-01-20 14:37:26 0 0 0.0 0.0 0.0 
2019-01-20 14:37:36 0 0 0.0 0.0 0.0 
2019-01-20 14:37:46 0 0 0.0 0.0 0.0 
2019-01-20 14:37:56 0 0 0.0 0.0 0.0 
2019-01-20 14:38:06 0 0 0.0 0.0 0.0 
2019-01-20 14:38:16 0 0 0.0 0.0 0.0 
2019-01-20 14:38:26 0 0 0.0 0.0 0.0 
2019-01-20 14:38:36 0 0 0.0 0.0 0.0 
2019-01-20 14:38:46 0 0 0.0 0.0 0.0 
2019-01-20 14:38:56 0 0 0.0 0.0 0.0 
2019-01-20 14:39:06 0 0 0.0 0.0 0.0 
2019-01-20 14:39:16 0 0 0.0 0.0 0.0 
2019-01-20 14:39:26 0 0 0.0 0.0 0.0 
2019-01-20 14:39:36 0 0 0.0 0.0 0.0 
2019-01-20 14:39:46 0 0 0.0 0.0 0.0 
2019-01-20 14:39:56 0 0 0.0 0.0 0.0 
2019-01-20 14:40:06 0 0 0.0 0.0 0.0 
2019-01-20 14:40:16 0 0 0.0 0.0 0.0 
2019-01-20 14:40:26 0 0 0.0 0.0 0.0 
2019-01-20 14:40:36 0 0 0.0 0.0 0.0 
2019-01-20 14:40:46 0 0 0.0 0.0 0.0 
2019-01-20 14:40:56 0 0 0.0 0.0 0.0 
2019-01-20 14:41:06 0 0 0.0 0.0 0.0 
2019-01-20 14:41:16 0 0 0.0 0.0 0.0 
2019-01-20 14:41:26 0 0 0.0 0.0 0.0 
2019-01-20 14:41:36 0 0 0.0 0.0 0.0 
2019-01-20 14:41:46 0 0 0.0 0.0 0.0 
2019-01-20 14:41:56 0 0 0.0 0.0 0.0 
2019-01-20 14:42:06 0 0 0.0 0.0 0.0 
2019-01-20 14:42:16 0 0 0.0 0.0 0.0 
2019-01-20 14:42:26 0 0 0.0 0.0 0.0 
2019-01-20 14:42:36 0 0 0.0 0.0 0.0 
2019-01-20 14:42:46 0 0 0.0 0.0 0.0 
2019-01-20 14:42:56 0 0 0.0 0.0 0.0 
2019-01-20 14:43:06 0 0 0.0 0.0 0.0 
2019-01-20 14:43:16 0 0 0.0 0.0 0.0 
2019-01-20 14:43:26 0 0 0.0 0.0 0.0 
2019-01-20 14:43:36 0 0 0.0 0.0 0.0 
2019-01-20 14:43:46 0 0 0.0 0.0 0.0 
2019-01-20 14:43:56 0 0 0.0 0.0 0.0 
2019-01-20 14:44:06 0 0 0.0 0.0 0.0 
2019-01-20 14:44:16 0 0 0.0 0.0 0.0 
2019-01-20 14:44:26 0 0 0.0 0.0 0.0 
2019-01-20 14:44:36 0 0 0.0 0.0 0.0 
2019-01-20 14:44:46 0 0 0.0 0.0 0.0 
2019-01-20 14:44:56 0 0 0.0 0.0 0.0 
2019-01-20 14:45:06 0 0 0.0 0.0 0.0 
2019-01-20 14:45:16 0 0 0.0 0.0 0.0 
2019-01-20 14:45:26 0 0 0.0 0.0 0.0 
2019-01-20 14:45:36 0 0 0.0 0.0 0.0 
2019-01-20 14:45:46 0 0 0.0 0.0 0.0 
2019-01-20 14:45:56 0 0 0.0 0.0 0.0 
2019-01-20 14:46:06 0 0 0.0 0.0 0.0 
2019-01-20 14:46:16 0 0 0.0 0.0 0.0 
2019-01-20 14:46:26 0 0 0.0 0.0 0.0 
2019-01-20 14:46:36 0 0 0.0 0.0 0.0 
2019-01-20 14:46:46 0 0 0.0 0.0 0.0 
2019-01-20 14:46:56 0 0 0.0 0.0 0.0 
2019-01-20 14:47:06 0 0 0.0 0.0 0.0 
2019-01-20 14:47:16 0 0 0.0 0.0 0.0 
2019-01-20 14:47:26 0 0 0.0 0.0 0.0 
2019-01-20 14:47:36 0 0 0.0 0.0 0.0 
2019-01-20 14:47:46 0 0 0.0 0.0 0.0 
2019-01-20 14:47:56 0 0 0.0 0.0 0.0 
2019-01-20 14:48:06 0 0 0.0 0.0 0.0 
2019-01-20 14:48:16 0 0 0.0 0.0 0.0 
2019-01-20 14:48:26 0 0 0.0 0.0 0.0 
2019-01-20 14:48:36 0 0 0.0 0.0 0.0 
2019-01-20 14:48:46 0 0 0.0 0.0 0.0 
2019-01-20 14:48:56 0 0 0.0 0.0 0.0 
2019-01-20 14:49:06 0 0 0.0 0.0 0.0 
2019-01-20 14:49:16 0 0 0.0 0.0 0.0 
2019-01-20 14:49:26 0 0 0.0 0.0 0.0 
2019-01-20 14:49:36 0 0 0.0 0.0 0.0 
2019-01-20 14:49:46 0 0 0.0 0.0 0.0 
2019-01-20 14:49:56 0 0 0.0 0.0 0.0 
2019-01-20 14:50:06 0 0 0.0 0.0 0.0 
2019-01-20 14:50:16 0 0 0.0 0.0 0.0 
2019-01-20 14:50:26 0 0 0.0 0.0 0.0 
2019-01-20 14:50:36 0 0 0.0 0.0 0.0 
2019-01-20 14:50:46 0 0 0.0 0.0 0.0 
2019-01-20 14:50:56 0 0 0.0 0.0 0.0 
2019-01-20 14:51:06 0 0 0.0 0.0 0.0 
2019-01-20 14:51:16 0 0 0.0 0.0 0.0 
2019-01-20 14:51:26 0 0 0.0 0.0 0.0 
2019-01-20 14:51:36 0 0 0.0 0.0 0.0 
2019-01-20 14:51:46 0 0 0.0 0.0 0.0 
2019-01-20 14:51:56 0 0 0.0 0.0 0.0 
2019-01-20 14:52:06 0 0 0.0 0.0 0.0 
2019-01-20 14:52:16 0 0 0.0 0.0 0.0 
2019-01-20 14:52:26 0 0 0.0 0.0 0.0 
2019-01-20 14:52:36 0 0 0.0 0.0 0.0 
2019-01-20 14:52:46 0 0 0.0 0.0 0.0 
2019-01-20 14:52:56 0 0 0.0 0.0 0.0 
2019-01-20 14:53:06 0 0 0.0 0.0 0.0 
2019-01-20 14:53:16 0 0 0.0 0.0 0.0 
2019-01-20 14:53:26 0 0 0.0 0.0 0.0 
2019-01-20 14:53:36 0 0 0.0 0.0 0.0 
2019-01-20 14:53:46 0 0 0.0 0.0 0.0 
2019-01-20 14:53:56 0 0 0.0 0.0 0.0 
2019-01-20 14:54:06 0 0 0.0 0.0 0.0 
2019-01-20 14:54:16 0 0 0.0 0.0 0.0 
2019-01-20 14:54:26 0 0 0.0 0.0 0.0 
2019-01-20 14:54:36 0 0 0.0 0.0 0.0 
2019-01-20 14:54:46 0 0 0.0 0.0 0.0 
2019-01-20 14:54:56 0 0 0.0 0.0 0.0 
2019-01-20 14:55:06 0 0 0.0 0.0 0.0 
2019-01-20 14:55:16 0 0 0.0 0.0 0.0 
2019-01-20 14:55:26 0 0 0.0 0.0 0.0 
2019-01-20 14:55:36 0 0 0.0 0.0 0.0 
2019-01-20 14:55:46 0 0 0.0 0.0 0.0 
2019-01-20 14:55:56 0 0 0.0 0.0 0.0 
2019-01-20 14:56:06 0 0 0.0 0.0 0.0 
2019-01-20 14:56:16 0 0 0.0 0.0 0.0 
2019-01-20 14:56:26 0 0 0.0 0.0 0.0 
2019-01-20 14:56:36 0 0 0.0 0.0 0.0 
2019-01-20 14:56:46 0 0 0.0 0.0 0.0 
2019-01-20 14:56:56 0 0 0.0 0.0 0.0 
2019-01-20 14:57:06 0 0 0.0 0.0 0.0 
2019-01-20 14:57:16 0 0 0.0 0.0 0.0 
2019-01-20 14:57:26 0 0 0.0 0.0 0.0 
2019-01-20 14:57:36 0 0 0.0 0.0 0.0 
2019-01-20 14:57:46 0 0 0.0 0.0 0.0 
2019-01-20 14:57:56 0 0 0.0 0.0 0.0 
2019-01-20 14:58:06 0 0 0.0 0.0 0.0 
2019-01-20 14:58:16 0 0 0.0 0.0 0.0 
2019-01-20 14:58:26 0 0 0.0 0.0 0.0 
2019-01-20 14:58:36 0 0 0.0 0.0 0.0 
2019-01-20 14:58:46 0 0 0.0 0.0 0.0 
2019-01-20 14:58:56 0 0 0.0 0.0 0.0 
2019-01-20 14:59:06 0 0 0.0 0.0 0.0 
2019-01-20 14:59:16 0 0 0.0 0.0 0.0 
2019-01-20 14:59:26 0 0 0.0 0.0 0.0 
2019-01-20 14:59:36 0 0 0.0 0.0 0.0 
2019-01-20 14:59:46 0 0 0.0 0.0 0.0 
2019-01-20 14:59:56 0 0 0.0 0.0 0.0 
2019-01-20 15:00:06 0 0 0.0 0.0 0.0 
2019-01-20 15:00:16 0 0 0.0 0.0 0.0 
2019-01-20 15:00:26 0 0 0.0 0.0 0.0 
2019-01-20 15:00:36 0 0 0.0 0.0 0.0 
2019-01-20 15:00:46 0 0 0.0 0.0 0.0 
2019-01-20 15:00:56 0 0 0.0 0.0 0.0 
2019-01-20 15:01:06 0 0 0.0 0.0 0.0 
2019-01-20 15:01:16 0 0 0.0 0.0 0.0 
2019-01-20 15:01:26 0 0 0.0 0.0 0.0 
2019-01-20 15:01:36 0 0 0.0 0.0 0.0 
2019-01-20 15:01:46 0 0 0.0 0.0 0.0 
2019-01-20 15:01:56 0 0 0.0 0.0 0.0 
2019-01-20 15:02:06 0 0 0.0 0.0 0.0 
2019-01-20 15:02:16 0 0 0.0 0.0 0.0 
2019-01-20 15:02:26 0 0 0.0 0.0 0.0 
2019-01-20 15:02:36 0 0 0.0 0.0 0.0 
2019-01-20 15:02:46 0 0 0.0 0.0 0.0 
2019-01-20 15:02:56 0 0 0.0 0.0 0.0 
2019-01-20 15:03:06 0 0 0.0 0.0 0.0 
2019-01-20 15:03:16 0 0 0.0 0.0 0.0 
2019-01-20 15:03:26 0 0 0.0 0.0 0.0 
2019-01-20 15:03:36 0 0 0.0 0.0 0.0 
2019-01-20 15:03:46 0 0 0.0 0.0 0.0 
2019-01-20 15:03:56 0 0 0.0 0.0 0.0 
2019-01-20 15:04:06 0 0 0.0 0.0 0.0 
2019-01-20 15:04:16 0 0 0.0 0.0 0.0 
2019-01-20 15:04:26 0 0 0.0 0.0 0.0 
2019-01-20 15:04:36 0 0 0.0 0.0 0.0 
2019-01-20 15:04:46 0 0 0.0 0.0 0.0 
2019-01-20 15:04:56 0 0 0.0 0.0 0.0 
2019-01-20 15:05:06 0 0 0.0 0.0 0.0 
2019-01-20 15:05:16 0 0 0.0 0.0 0.0 
2019-01-20 15:05:26 0 0 0.0 0.0 0.0 
2019-01-20 15:05:36 0 0 0.0 0.0 0.0 
2019-01-20 15:05:46 0 0 0.0 0.0 0.0 
2019-01-20 15:05:56 0 0 0.0 0.0 0.0 
2019-01-20 15:06:06 0 0 0.0 0.0 0.0 
2019-01-20 15:06:16 0 0 0.0 0.0 0.0 
2019-01-20 15:06:26 0 0 0.0 0.0 0.0 
2019-01-20 15:06:36 0 0 0.0 0.0 0.0 
2019-01-20 15:06:46 0 0 0.0 0.0 0.0 
2019-01-20 15:06:56 0 0 0.0 0.0 0.0 
2019-01-20 15:07:06 0 0 0.0 0.0 0.0 
2019-01-20 15:07:16 0 0 0.0 0.0 0.0 
2019-01-20 15:07:26 0 0 0.0 0.0 0.0 
2019-01-20 15:07:36 0 0 0.0 0.0 0.0 
2019-01-20 15:07:46 0 0 0.0 0.0 0.0 
2019-01-20 15:07:56 0 0 0.0 0.0 0.0 
2019-01-20 15:08:06 0 0 0.0 0.0 0.0 
2019-01-20 15:08:16 0 0 0.0 0.0 0.0 
2019-01-20 15:08:26 0 0 0.0 0.0 0.0 
2019-01-20 15:08:36 0 0 0.0 0.0 0.0 
2019-01-20 15:08:46 0 0 0.0 0.0 0.0 
2019-01-20 15:08:56 0 0 0.0 0.0 0.0 
2019-01-20 15:09:06 0 0 0.0 0.0 0.0 
2019-01-20 15:09:16 0 0 0.0 0.0 0.0 
2019-01-20 15:09:26 0 0 0.0 0.0 0.0 
2019-01-20 15:09:36 0 0 0.0 0.0 0.0 
2019-01-20 15:09:46 0 0 0.0 0.0 0.0 
2019-01-20 15:09:56 0 0 0.0 0.0 0.0 
2019-01-20 15:10:06 0 0 0.0 0.0 0.0 
2019-01-20 15:10:16 0 0 0.0 0.0 0.0 
2019-01-20 15:10:26 0 0 0.0 0.0 0.0 
2019-01-20 15:10:36 0 0 0.0 0.0 0.0 
2019-01-20 15:10:46 0 0 0.0 0.0 0.0 
2019-01-20 15:10:56 0 0 0.0 0.0 0.0 
2019-01-20 15:11:06 0 0 0.0 0.0 0.0 
2019-01-20 15:11:16 0 0 0.0 0.0 0.0 
2019-01-20 15:11:26 0 0 0.0 0.0 0.0 
2019-01-20 15:11:36 0 0 0.0 0.0 0.0 
2019-01-20 15:11:46 0 0 0.0 0.0 0.0 
2019-01-20 15:11:56 0 0 0.0 0.0 0.0 
2019-01-20 15:12:06 0 0 0.0 0.0 0.0 
2019-01-20 15:12:16 0 0 0.0 0.0 0.0 
2019-01-20 15:12:26 0 0 0.0 0.0 0.0 
2019-01-20 15:12:36 0 0 0.0 0.0 0.0 
2019-01-20 15:12:46 0 0 0.0 0.0 0.0 
2019-01-20 15:12:56 0 0 0.0 0.0 0.0 
2019-01-20 15:13:06 0 0 0.0 0.0 0.0 
2019-01-20 15:13:16 0 0 0.0 0.0 0.0 
2019-01-20 15:13:26 0 0 0.0 0.0 0.0 
2019-01-20 15:13:36 0 0 0.0 0.0 0.0 
2019-01-20 15:13:46 0 0 0.0 0.0 0.0 
2019-01-20 15:13:56 0 0 0.0 0.0 0.0 
2019-01-20 15:14:06 0 0 0.0 0.0 0.0 
2019-01-20 15:14:16 0 0 0.0 0.0 0.0 
2019-01-20 15:14:26 0 0 0.0 0.0 0.0 
2019-01-20 15:14:36 0 0 0.0 0.0 0.0 
2019-01-20 15:14:46 0 0 0.0 0.0 0.0 
2019-01-20 15:14:56 0 0 0.0 0.0 0.0 
2019-01-20 15:15:06 0 0 0.0 0.0 0.0 
2019-01-20 15:15:16 0 0 0.0 0.0 0.0 
2019-01-20 15:15:26 0 0 0.0 0.0 0.0 
2019-01-20 15:15:36 0 0 0.0 0.0 0.0 
2019-01-20 15:15:46 0 0 0.0 0.0 0.0 
2019-01-20 15:15:56 0 0 0.0 0.0 0.0 
2019-01-20 15:16:06 0 0 0.0 0.0 0.0 
2019-01-20 15:16:16 0 0 0.0 0.0 0.0 
2019-01-20 15:16:26 0 0 0.0 0.0 0.0 
2019-01-20 15:16:36 0 0 0.0 0.0 0.0 
2019-01-20 15:16:46 0 0 0.0 0.0 0.0 
2019-01-20 15:16:56 0 0 0.0 0.0 0.0 
2019-01-20 15:17:06 0 0 0.0 0.0 0.0 
2019-01-20 15:17:16 0 0 0.0 0.0 0.0 
2019-01-20 15:17:26 0 0 0.0 0.0 0.0 
2019-01-20 15:17:36 0 0 0.0 0.0 0.0 
2019-01-20 15:17:46 0 0 0.0 0.0 0.0 
2019-01-20 15:17:56 0 0 0.0 0.0 0.0 
2019-01-20 15:18:06 0 0 0.0 0.0 0.0 
2019-01-20 15:18:16 0 0 0.0 0.0 0.0 
2019-01-20 15:18:26 0 0 0.0 0.0 0.0 
2019-01-20 15:18:36 0 0 0.0 0.0 0.0 
2019-01-20 15:18:46 0 0 0.0 0.0 0.0 
2019-01-20 15:18:56 0 0 0.0 0.0 0.0 
2019-01-20 15:19:06 0 0 0.0 0.0 0.0 
2019-01-20 15:19:16 0 0 0.0 0.0 0.0 
2019-01-20 15:19:26 0 0 0.0 0.0 0.0 
2019-01-20 15:19:36 0 0 0.0 0.0 0.0 
2019-01-20 15:19:46 0 0 0.0 0.0 0.0 
2019-01-20 15:19:56 0 0 0.0 0.0 0.0 
2019-01-20 15:20:06 0 0 0.0 0.0 0.0 
2019-01-20 15:20:16 0 0 0.0 0.0 0.0 
2019-01-20 15:20:26 0 0 0.0 0.0 0.0 
2019-01-20 15:20:36 0 0 0.0 0.0 0.0 
2019-01-20 15:20:46 0 0 0.0 0.0 0.0 
2019-01-20 15:20:56 0 0 0.0 0.0 0.0 
2019-01-20 15:21:06 0 0 0.0 0.0 0.0 
2019-01-20 15:21:16 0 0 0.0 0.0 0.0 
2019-01-20 15:21:26 0 0 0.0 0.0 0.0 
2019-01-20 15:21:36 0 0 0.0 0.0 0.0 
2019-01-20 15:21:46 0 0 0.0 0.0 0.0 
2019-01-20 15:21:56 0 0 0.0 0.0 0.0 
2019-01-20 15:22:06 0 0 0.0 0.0 0.0 
2019-01-20 15:22:16 0 0 0.0 0.0 0.0 
2019-01-20 15:22:26 0 0 0.0 0.0 0.0 
2019-01-20 15:22:36 0 0 0.0 0.0 0.0 
2019-01-20 15:22:46 0 0 0.0 0.0 0.0 
2019-01-20 15:22:56 0 0 0.0 0.0 0.0 
2019-01-20 15:23:06 0 0 0.0 0.0 0.0 
2019-01-20 15:23:16 0 0 0.0 0.0 0.0 
2019-01-20 15:23:26 0 0 0.0 0.0 0.0 
2019-01-20 15:23:36 0 0 0.0 0.0 0.0 
2019-01-20 15:23:46 0 0 0.0 0.0 0.0 
2019-01-20 15:23:56 0 0 0.0 0.0 0.0 
2019-01-20 15:24:06 0 0 0.0 0.0 0.0 
2019-01-20 15:24:16 0 0 0.0 0.0 0.0 
2019-01-20 15:24:26 0 0 0.0 0.0 0.0 
2019-01-20 15:24:36 0 0 0.0 0.0 0.0 
2019-01-20 15:24:46 0 0 0.0 0.0 0.0 
2019-01-20 15:24:56 0 0 0.0 0.0 0.0 
2019-01-20 15:25:06 0 0 0.0 0.0 0.0 
2019-01-20 15:25:16 0 0 0.0 0.0 0.0 
2019-01-20 15:25:26 0 0 0.0 0.0 0.0 
2019-01-20 15:25:36 0 0 0.0 0.0 0.0 
2019-01-20 15:25:46 0 0 0.0 0.0 0.0 
2019-01-20 15:25:56 0 0 0.0 0.0 0.0 
2019-01-20 15:26:06 0 0 0.0 0.0 0.0 
2019-01-20 15:26:16 0 0 0.0 0.0 0.0 
2019-01-20 15:26:26 0 0 0.0 0.0 0.0 
2019-01-20 15:26:36 0 0 0.0 0.0 0.0 
2019-01-20 15:26:46 0 0 0.0 0.0 0.0 
2019-01-20 15:26:56 0 0 0.0 0.0 0.0 
2019-01-20 15:27:06 0 0 0.0 0.0 0.0 
2019-01-20 15:27:16 0 0 0.0 0.0 0.0 
2019-01-20 15:27:26 0 0 0.0 0.0 0.0 
2019-01-20 15:27:36 0 0 0.0 0.0 0.0 
2019-01-20 15:27:46 0 0 0.0 0.0 0.0 
2019-01-20 15:27:56 0 0 0.0 0.0 0.0 
2019-01-20 15:28:06 0 0 0.0 0.0 0.0 
2019-01-20 15:28:16 0 0 0.0 0.0 0.0 
2019-01-20 15:28:26 0 0 0.0 0.0 0.0 
2019-01-20 15:28:36 0 0 0.0 0.0 0.0 
2019-01-20 15:28:46 0 0 0.0 0.0 0.0 
2019-01-20 15:28:56 0 0 0.0 0.0 0.0 
2019-01-20 15:29:06 0 0 0.0 0.0 0.0 
2019-01-20 15:29:16 0 0 0.0 0.0 0.0 
2019-01-20 15:29:26 0 0 0.0 0.0 0.0 
2019-01-20 15:29:36 0 0 0.0 0.0 0.0 
2019-01-20 15:29:46 0 0 0.0 0.0 0.0 
2019-01-20 15:29:56 0 0 0.0 0.0 0.0 
2019-01-20 15:30:06 0 0 0.0 0.0 0.0 
2019-01-20 15:30:16 0 0 0.0 0.0 0.0 
2019-01-20 15:30:26 0 0 0.0 0.0 0.0 
2019-01-20 15:30:36 0 0 0.0 0.0 0.0 
2019-01-20 15:30:46 0 0 0.0 0.0 0.0 
2019-01-20 15:30:56 0 0 0.0 0.0 0.0 
